0	46
1	59
2	58
3	44
4	63
5	46
6	61
7	47
8	55
9	54
10	42
11	47
12	50
13	44
14	38
15	49
16	51
17	55
18	51
19	61
20	64
21	59
22	41
23	59
24	55
25	40
26	46
27	49
28	65
29	50
30	50
31	52
32	50
33	50
34	55
35	44
36	62
37	51
38	54
39	53
40	60
41	48
42	62
43	56
44	62
45	53
46	72
47	71
48	54
49	61
50	60
51	48
52	55
53	43
54	50
55	55
56	62
57	40
58	51
59	60
60	59
61	68
62	56
63	41
64	48
65	48
66	45
67	71
68	53
69	52
70	43
71	55
72	47
73	44
74	60
75	64
76	38
77	51
78	53
79	55
80	52
81	54
82	70
83	54
84	38
85	48
86	51
87	56
88	45
89	44
90	50
91	59
92	55
93	47
94	49
95	45
96	50
97	54
98	62
99	54
100	61
101	38
102	50
103	51
104	65
105	67
106	55
107	54
108	62
109	43
110	59
111	57
112	46
113	55
114	60
115	59
116	62
117	62
118	58
119	45
120	57
121	53
122	53
123	51
124	59
125	52
126	57
127	40
128	57
129	52
130	49
131	44
132	44
133	53
134	62
135	60
136	47
137	54
138	56
139	59
140	57
141	34
142	64
143	53
144	64
145	60
146	48
147	61
148	51
149	51
150	42
151	52
152	46
153	50
154	61
155	56
156	59
157	51
158	49
159	60
160	72
161	53
162	48
163	66
164	52
165	50
166	64
167	51
168	59
169	64
170	54
171	54
172	56
173	36
174	49
175	46
176	60
177	54
178	53
179	60
180	53
181	58
182	42
183	53
184	56
185	56
186	42
187	56
188	53
189	47
190	48
191	54
192	61
193	52
194	60
195	63
196	51
197	46
198	53
199	50
200	54
201	59
202	44
203	49
204	55
205	57
206	60
207	65
208	65
209	62
210	48
211	49
212	47
213	67
214	58
215	43
216	56
217	61
218	61
219	53
220	47
221	61
222	50
223	55
224	52
225	62
226	57
227	60
228	49
229	67
230	63
231	57
232	45
233	57
234	51
235	59
236	41
237	71
238	54
239	53
240	46
241	48
242	59
243	48
244	48
245	75
246	65
247	63
248	63
249	51
250	58
251	51
252	49
253	52
254	57
255	54
256	57
257	68
258	55
259	63
260	49
261	58
262	54
263	53
264	59
265	56
266	48
267	60
268	62
269	60
270	49
271	66
272	46
273	63
274	54
275	59
276	51
277	51
278	54
279	56
280	58
281	43
282	50
283	48
284	59
285	59
286	51
287	43
288	49
289	64
290	57
291	43
292	44
293	47
294	42
295	65
296	56
297	55
298	51
299	56
300	52
301	49
302	61
303	54
304	60
305	62
306	56
307	40
308	50
309	55
310	47
311	57
312	59
313	64
314	51
315	51
316	58
317	50
318	49
319	68
320	61
321	54
322	49
323	52
324	78
325	59
326	53
327	48
328	49
329	45
330	49
331	50
332	56
333	56
334	50
335	50
336	34
337	58
338	53
339	52
340	49
341	58
342	62
343	38
344	59
345	44
346	62
347	43
348	55
349	59
350	70
351	68
352	61
353	46
354	57
355	52
356	50
357	75
358	54
359	60
360	51
361	52
362	54
363	52
364	50
365	45
366	57
367	48
368	52
369	46
370	57
371	55
372	50
373	54
374	42
375	59
376	70
377	47
378	51
379	64
380	49
381	43
382	60
383	54
384	50
385	59
386	47
387	63
388	58
389	58
390	60
391	49
392	48
393	44
394	47
395	51
396	46
397	57
398	63
399	54
400	54
401	53
402	51
403	66
404	49
405	58
406	42
407	33
408	53
409	47
410	48
411	62
412	61
413	63
414	62
415	58
416	50
417	49
418	57
419	49
420	52
421	56
422	52
423	63
424	39
425	58
426	51
427	51
428	49
429	48
430	50
431	63
432	56
433	41
434	40
435	40
436	57
437	50
438	51
439	56
440	61
441	78
442	77
443	51
444	64
445	54
446	45
447	49
448	65
449	54
450	54
451	52
452	50
453	46
454	68
455	53
456	51
457	53
458	39
459	46
460	58
461	50
462	71
463	58
464	60
465	57
466	61
467	53
468	47
469	61
470	58
471	45
472	48
473	56
474	59
475	60
476	63
477	47
478	44
479	39
480	74
481	40
482	57
483	49
484	50
485	46
486	54
487	58
488	57
489	55
490	59
491	53
492	53
493	50
494	52
495	61
496	57
497	48
498	46
499	46
500	40
501	48
502	53
503	49
504	47
505	56
506	62
507	43
508	50
509	69
510	49
511	43
512	56
513	46
514	47
515	53
516	57
517	45
518	41
519	60
520	52
521	48
522	56
523	50
524	57
525	57
526	54
527	63
528	46
529	59
530	55
531	50
532	40
533	52
534	53
535	51
536	50
537	54
538	60
539	55
540	45
541	55
542	50
543	48
544	50
545	46
546	52
547	61
548	55
549	55
550	45
551	56
552	53
553	54
554	61
555	57
556	64
557	55
558	43
559	51
560	45
561	37
562	61
563	60
564	48
565	56
566	59
567	36
568	51
569	55
570	49
571	58
572	49
573	48
574	76
575	64
576	48
577	47
578	89
579	64
580	60
581	46
582	59
583	59
584	62
585	63
586	46
587	49
588	57
589	46
590	54
591	58
592	51
593	59
594	49
595	50
596	56
597	63
598	48
599	48
600	47
601	55
602	35
603	37
604	51
605	48
606	43
607	53
608	51
609	42
610	63
611	41
612	50
613	53
614	56
615	49
616	60
617	58
618	77
619	68
620	56
621	46
622	57
623	39
624	47
625	65
626	46
627	46
628	52
629	48
630	59
631	50
632	47
633	57
634	45
635	55
636	50
637	62
638	39
639	55
640	65
641	59
642	50
643	51
644	64
645	59
646	40
647	60
648	56
649	53
650	43
651	50
652	52
653	59
654	50
655	48
656	43
657	53
658	54
659	57
660	61
661	41
662	56
663	53
664	59
665	46
666	48
667	48
668	39
669	46
670	48
671	55
672	55
673	57
674	45
675	53
676	64
677	66
678	58
679	50
680	66
681	48
682	58
683	49
684	57
685	59
686	64
687	48
688	82
689	60
690	52
691	60
692	35
693	36
694	42
695	47
696	53
697	52
698	51
699	40
700	59
701	50
702	55
703	48
704	45
705	59
706	48
707	72
708	54
709	66
710	41
711	34
712	59
713	61
714	62
715	50
716	50
717	66
718	61
719	48
720	42
721	47
722	35
723	45
724	66
725	73
726	56
727	55
728	52
729	54
730	45
731	39
732	64
733	61
734	47
735	53
736	51
737	60
738	46
739	54
740	64
741	47
742	53
743	59
744	50
745	62
746	60
747	47
748	71
749	41
750	51
751	62
752	71
753	53
754	50
755	43
756	53
757	54
758	45
759	57
760	51
761	61
762	55
763	43
764	48
765	63
766	48
767	51
768	60
769	51
770	40
771	51
772	56
773	61
774	56
775	76
776	61
777	50
778	52
779	53
780	53
781	55
782	45
783	53
784	51
785	59
786	60
787	68
788	58
789	59
790	42
791	39
792	55
793	47
794	59
795	59
796	61
797	54
798	66
799	59
800	42
801	56
802	64
803	57
804	71
805	47
806	68
807	52
808	44
809	47
810	44
811	56
812	50
813	46
814	46
815	50
816	49
817	53
818	63
819	54
820	46
821	53
822	63
823	46
824	60
825	44
826	62
827	45
828	48
829	52
830	70
831	47
832	53
833	52
834	50
835	51
836	51
837	43
838	44
839	66
840	59
841	61
842	57
843	48
844	52
845	50
846	42
847	60
848	64
849	61
850	46
851	54
852	60
853	58
854	49
855	61
856	54
857	45
858	56
859	48
860	58
861	51
862	60
863	48
864	51
865	46
866	66
867	62
868	50
869	54
870	48
871	56
872	43
873	52
874	63
875	56
876	51
877	41
878	48
879	52
880	66
881	57
882	58
883	45
884	61
885	49
886	53
887	53
888	53
889	51
890	44
891	55
892	58
893	50
894	59
895	55
896	54
897	52
898	50
899	54
900	45
901	50
902	47
903	52
904	56
905	56
906	53
907	56
908	53
909	49
910	66
911	47
912	41
913	57
914	56
915	68
916	52
917	60
918	50
919	49
920	46
921	59
922	47
923	50
924	60
925	60
926	54
927	52
928	47
929	51
930	46
931	58
932	48
933	63
934	50
935	43
936	55
937	55
938	60
939	59
940	47
941	63
942	58
943	56
944	32
945	56
946	50
947	51
948	51
949	68
950	53
951	54
952	67
953	61
954	49
955	59
956	57
957	55
958	51
959	53
960	55
961	46
962	63
963	59
964	59
965	61
966	55
967	44
968	56
969	54
970	53
971	64
972	43
973	56
974	51
975	53
976	68
977	53
978	53
979	57
980	41
981	54
982	48
983	59
984	41
985	43
986	47
987	55
988	43
989	51
990	44
991	56
992	49
993	57
994	51
995	45
996	60
997	58
998	63
999	52
1000	54
1001	38
1002	62
1003	60
1004	52
1005	55
1006	55
1007	49
1008	59
1009	49
1010	52
1011	58
1012	60
1013	53
1014	56
1015	50
1016	52
1017	63
1018	50
1019	48
1020	53
1021	50
1022	44
1023	48
1024	50
1025	42
1026	58
1027	47
1028	46
1029	69
1030	53
1031	59
1032	54
1033	47
1034	53
1035	57
1036	62
1037	52
1038	52
1039	47
1040	44
1041	55
1042	48
1043	59
1044	52
1045	54
1046	47
1047	49
1048	59
1049	61
1050	53
1051	61
1052	50
1053	60
1054	55
1055	57
1056	35
1057	61
1058	39
1059	52
1060	56
1061	57
1062	48
1063	56
1064	39
1065	47
1066	56
1067	59
1068	65
1069	46
1070	59
1071	47
1072	49
1073	61
1074	54
1075	55
1076	45
1077	56
1078	39
1079	55
1080	60
1081	38
1082	47
1083	59
1084	64
1085	44
1086	59
1087	55
1088	48
1089	60
1090	55
1091	56
1092	46
1093	58
1094	55
1095	54
1096	82
1097	70
1098	50
1099	48
1100	54
1101	48
1102	56
1103	53
1104	45
1105	43
1106	53
1107	38
1108	43
1109	59
1110	64
1111	53
1112	47
1113	64
1114	40
1115	52
1116	55
1117	54
1118	65
1119	46
1120	48
1121	55
1122	56
1123	51
1124	55
1125	52
1126	58
1127	52
1128	51
1129	62
1130	50
1131	33
1132	65
1133	58
1134	53
1135	60
1136	57
1137	55
1138	71
1139	61
1140	44
1141	49
1142	58
1143	62
1144	51
1145	67
1146	51
1147	56
1148	62
1149	62
1150	42
1151	50
1152	47
1153	56
1154	46
1155	47
1156	52
1157	49
1158	45
1159	35
1160	56
1161	52
1162	46
1163	45
1164	52
1165	49
1166	54
1167	35
1168	60
1169	55
1170	41
1171	59
1172	55
1173	47
1174	66
1175	37
1176	53
1177	53
1178	42
1179	53
1180	51
1181	59
1182	69
1183	54
1184	44
1185	49
1186	52
1187	53
1188	60
1189	44
1190	49
1191	57
1192	47
1193	62
1194	47
1195	45
1196	51
1197	59
1198	41
1199	56
1200	54
1201	46
1202	50
1203	60
1204	50
1205	46
1206	61
1207	55
1208	63
1209	69
1210	68
1211	61
1212	52
1213	64
1214	43
1215	56
1216	68
1217	54
1218	58
1219	56
1220	45
1221	49
1222	58
1223	53
1224	47
1225	53
1226	60
1227	47
1228	68
1229	51
1230	45
1231	68
1232	42
1233	57
1234	41
1235	40
1236	51
1237	57
1238	50
1239	79
1240	46
1241	58
1242	55
1243	46
1244	46
1245	39
1246	54
1247	59
1248	53
1249	56
1250	41
1251	58
1252	49
1253	59
1254	64
1255	51
1256	49
1257	49
1258	46
1259	52
1260	54
1261	45
1262	46
1263	59
1264	56
1265	54
1266	52
1267	44
1268	54
1269	47
1270	50
1271	43
1272	53
1273	49
1274	48
1275	49
1276	51
1277	43
1278	41
1279	54
1280	47
1281	47
1282	58
1283	51
1284	58
1285	52
1286	51
1287	45
1288	51
1289	50
1290	49
1291	46
1292	54
1293	77
1294	41
1295	41
1296	56
1297	60
1298	57
1299	59
1300	51
1301	53
1302	51
1303	48
1304	54
1305	57
1306	40
1307	45
1308	42
1309	60
1310	53
1311	54
1312	47
1313	48
1314	46
1315	65
1316	67
1317	59
1318	54
1319	58
1320	49
1321	50
1322	66
1323	53
1324	60
1325	48
1326	48
1327	52
1328	46
1329	44
1330	44
1331	58
1332	66
1333	57
1334	53
1335	51
1336	66
1337	45
1338	52
1339	54
1340	61
1341	52
1342	44
1343	68
1344	51
1345	46
1346	46
1347	64
1348	65
1349	57
1350	48
1351	62
1352	49
1353	50
1354	58
1355	50
1356	45
1357	58
1358	56
1359	57
1360	44
1361	53
1362	61
1363	43
1364	45
1365	59
1366	66
1367	56
1368	60
1369	53
1370	48
1371	54
1372	45
1373	63
1374	49
1375	45
1376	67
1377	51
1378	46
1379	46
1380	51
1381	60
1382	55
1383	54
1384	51
1385	46
1386	50
1387	38
1388	68
1389	53
1390	48
1391	66
1392	62
1393	49
1394	45
1395	50
1396	48
1397	59
1398	62
1399	48
1400	56
1401	57
1402	60
1403	62
1404	58
1405	51
1406	55
1407	47
1408	51
1409	41
1410	53
1411	52
1412	57
1413	43
1414	56
1415	36
1416	47
1417	48
1418	58
1419	46
1420	64
1421	49
1422	43
1423	53
1424	50
1425	63
1426	55
1427	47
1428	48
1429	63
1430	48
1431	48
1432	54
1433	56
1434	52
1435	39
1436	69
1437	61
1438	53
1439	48
1440	58
1441	57
1442	47
1443	66
1444	56
1445	48
1446	51
1447	49
1448	58
1449	54
1450	44
1451	62
1452	59
1453	65
1454	58
1455	54
1456	63
1457	59
1458	47
1459	48
1460	57
1461	56
1462	58
1463	48
1464	42
1465	65
1466	54
1467	63
1468	48
1469	48
1470	59
1471	55
1472	55
1473	48
1474	56
1475	49
1476	47
1477	57
1478	40
1479	61
1480	49
1481	50
1482	57
1483	53
1484	48
1485	55
1486	54
1487	51
1488	55
1489	34
1490	62
1491	57
1492	50
1493	54
1494	45
1495	70
1496	40
1497	50
1498	60
1499	49
1500	54
1501	51
1502	62
1503	45
1504	62
1505	53
1506	52
1507	52
1508	43
1509	49
1510	53
1511	59
1512	50
1513	46
1514	45
1515	61
1516	50
1517	46
1518	46
1519	51
1520	56
1521	50
1522	56
1523	63
1524	42
1525	58
1526	52
1527	52
1528	62
1529	45
1530	52
1531	58
1532	47
1533	50
1534	56
1535	60
1536	41
1537	50
1538	58
1539	49
1540	54
1541	49
1542	50
1543	57
1544	50
1545	59
1546	48
1547	56
1548	57
1549	61
1550	46
1551	62
1552	58
1553	59
1554	51
1555	46
1556	51
1557	48
1558	58
1559	63
1560	53
1561	56
1562	52
1563	54
1564	61
1565	56
1566	39
1567	41
1568	50
1569	37
1570	43
1571	54
1572	58
1573	48
1574	51
1575	48
1576	48
1577	39
1578	60
1579	49
1580	63
1581	59
1582	48
1583	60
1584	49
1585	63
1586	66
1587	61
1588	58
1589	63
1590	47
1591	53
1592	58
1593	51
1594	55
1595	52
1596	66
1597	51
1598	53
1599	74
1600	46
1601	45
1602	47
1603	53
1604	44
1605	49
1606	44
1607	65
1608	32
1609	57
1610	41
1611	41
1612	59
1613	51
1614	67
1615	47
1616	57
1617	66
1618	51
1619	49
1620	62
1621	49
1622	64
1623	54
1624	49
1625	50
1626	56
1627	52
1628	59
1629	50
1630	60
1631	54
1632	53
1633	50
1634	51
1635	50
1636	69
1637	57
1638	49
1639	59
1640	53
1641	62
1642	52
1643	59
1644	58
1645	67
1646	65
1647	58
1648	61
1649	39
1650	55
1651	45
1652	56
1653	59
1654	49
1655	51
1656	47
1657	45
1658	51
1659	40
1660	46
1661	52
1662	50
1663	59
1664	49
1665	54
1666	45
1667	56
1668	62
1669	47
1670	56
1671	58
1672	58
1673	69
1674	58
1675	47
1676	63
1677	37
1678	65
1679	57
1680	62
1681	55
1682	52
1683	52
1684	50
1685	66
1686	48
1687	55
1688	55
1689	58
1690	52
1691	50
1692	36
1693	44
1694	59
1695	56
1696	53
1697	42
1698	53
1699	48
1700	57
1701	50
1702	51
1703	51
1704	54
1705	47
1706	62
1707	47
1708	55
1709	67
1710	52
1711	48
1712	53
1713	55
1714	58
1715	54
1716	51
1717	65
1718	52
1719	65
1720	58
1721	66
1722	65
1723	64
1724	50
1725	53
1726	45
1727	50
1728	56
1729	56
1730	53
1731	54
1732	66
1733	52
1734	49
1735	51
1736	52
1737	64
1738	64
1739	50
1740	49
1741	59
1742	52
1743	48
1744	55
1745	53
1746	59
1747	46
1748	45
1749	47
1750	49
1751	43
1752	59
1753	55
1754	59
1755	57
1756	56
1757	48
1758	52
1759	58
1760	52
1761	59
1762	51
1763	46
1764	43
1765	40
1766	72
1767	52
1768	58
1769	62
1770	64
1771	58
1772	68
1773	45
1774	54
1775	57
1776	66
1777	61
1778	47
1779	56
1780	61
1781	58
1782	57
1783	49
1784	57
1785	58
1786	70
1787	55
1788	62
1789	55
1790	51
1791	64
1792	56
1793	48
1794	39
1795	43
1796	44
1797	47
1798	50
1799	39
1800	55
1801	46
1802	46
1803	62
1804	39
1805	47
1806	51
1807	56
1808	54
1809	47
1810	46
1811	46
1812	50
1813	52
1814	47
1815	62
1816	48
1817	44
1818	44
1819	49
1820	54
1821	54
1822	58
1823	53
1824	59
1825	50
1826	50
1827	56
1828	46
1829	57
1830	50
1831	72
1832	52
1833	53
1834	53
1835	50
1836	55
1837	46
1838	54
1839	64
1840	65
1841	56
1842	61
1843	56
1844	59
1845	66
1846	51
1847	64
1848	54
1849	42
1850	77
1851	54
1852	59
1853	54
1854	59
1855	50
1856	45
1857	63
1858	49
1859	53
1860	61
1861	43
1862	47
1863	55
1864	55
1865	41
1866	53
1867	51
1868	65
1869	57
1870	55
1871	62
1872	53
1873	52
1874	57
1875	45
1876	49
1877	53
1878	47
1879	55
1880	57
1881	50
1882	63
1883	57
1884	59
1885	58
1886	46
1887	53
1888	53
1889	69
1890	54
1891	45
1892	53
1893	57
1894	41
1895	56
1896	47
1897	61
1898	49
1899	45
1900	58
1901	45
1902	62
1903	58
1904	43
1905	63
1906	61
1907	58
1908	69
1909	57
1910	40
1911	57
1912	47
1913	71
1914	48
1915	55
1916	50
1917	50
1918	49
1919	51
1920	51
1921	41
1922	56
1923	61
1924	51
1925	51
1926	52
1927	61
1928	43
1929	61
1930	71
1931	48
1932	47
1933	49
1934	50
1935	44
1936	68
1937	45
1938	53
1939	57
1940	70
1941	37
1942	52
1943	60
1944	52
1945	53
1946	48
1947	34
1948	55
1949	52
1950	44
1951	54
1952	48
1953	56
1954	55
1955	66
1956	43
1957	52
1958	49
1959	59
1960	57
1961	59
1962	50
1963	50
1964	49
1965	53
1966	52
1967	40
1968	58
1969	49
1970	45
1971	51
1972	57
1973	51
1974	54
1975	47
1976	62
1977	65
1978	66
1979	72
1980	45
1981	54
1982	53
1983	59
1984	59
1985	47
1986	44
1987	49
1988	48
1989	41
1990	60
1991	56
1992	47
1993	60
1994	43
1995	59
1996	41
1997	66
1998	63
1999	66
2000	62
2001	61
2002	59
2003	56
2004	53
2005	66
2006	58
2007	49
2008	48
2009	51
2010	60
2011	59
2012	47
2013	47
2014	52
2015	61
2016	48
2017	58
2018	57
2019	64
2020	64
2021	62
2022	73
2023	73
2024	57
2025	55
2026	50
2027	46
2028	49
2029	53
2030	54
2031	56
2032	58
2033	47
2034	40
2035	63
2036	59
2037	56
2038	50
2039	57
2040	52
2041	48
2042	54
2043	52
2044	60
2045	62
2046	55
2047	53
2048	55
2049	62
2050	42
2051	60
2052	55
2053	55
2054	50
2055	48
2056	52
2057	56
2058	64
2059	55
2060	64
2061	45
2062	59
2063	65
2064	56
2065	58
2066	61
2067	36
2068	56
2069	45
2070	63
2071	47
2072	53
2073	58
2074	51
2075	59
2076	49
2077	48
2078	50
2079	54
2080	39
2081	53
2082	41
2083	53
2084	66
2085	63
2086	46
2087	56
2088	61
2089	44
2090	62
2091	45
2092	45
2093	47
2094	53
2095	59
2096	59
2097	54
2098	44
2099	56
2100	57
2101	59
2102	51
2103	58
2104	57
2105	55
2106	53
2107	41
2108	52
2109	48
2110	49
2111	56
2112	60
2113	60
2114	54
2115	49
2116	64
2117	51
2118	63
2119	44
2120	59
2121	36
2122	51
2123	60
2124	54
2125	46
2126	59
2127	53
2128	59
2129	53
2130	54
2131	59
2132	62
2133	56
2134	50
2135	53
2136	56
2137	66
2138	64
2139	49
2140	49
2141	57
2142	55
2143	44
2144	46
2145	52
2146	45
2147	60
2148	55
2149	57
2150	59
2151	61
2152	48
2153	39
2154	62
2155	48
2156	61
2157	44
2158	66
2159	53
2160	63
2161	46
2162	51
2163	42
2164	45
2165	46
2166	51
2167	59
2168	49
2169	73
2170	62
2171	69
2172	51
2173	52
2174	54
2175	58
2176	52
2177	63
2178	44
2179	50
2180	58
2181	63
2182	63
2183	58
2184	61
2185	52
2186	47
2187	50
2188	55
2189	40
2190	54
2191	64
2192	49
2193	51
2194	49
2195	53
2196	51
2197	45
2198	64
2199	46
2200	63
2201	52
2202	49
2203	54
2204	52
2205	54
2206	59
2207	53
2208	51
2209	70
2210	67
2211	64
2212	51
2213	48
2214	47
2215	60
2216	76
2217	57
2218	46
2219	51
2220	51
2221	45
2222	59
2223	57
2224	53
2225	51
2226	63
2227	59
2228	49
2229	54
2230	55
2231	47
2232	41
2233	57
2234	60
2235	66
2236	59
2237	59
2238	60
2239	55
2240	67
2241	50
2242	58
2243	61
2244	59
2245	59
2246	58
2247	40
2248	49
2249	57
2250	40
2251	49
2252	46
2253	57
2254	66
2255	67
2256	50
2257	47
2258	55
2259	49
2260	55
2261	51
2262	54
2263	54
2264	44
2265	71
2266	51
2267	55
2268	51
2269	50
2270	49
2271	45
2272	56
2273	65
2274	41
2275	46
2276	53
2277	54
2278	54
2279	47
2280	49
2281	56
2282	55
2283	58
2284	57
2285	66
2286	50
2287	53
2288	52
2289	49
2290	63
2291	62
2292	51
2293	52
2294	61
2295	56
2296	49
2297	50
2298	45
2299	61
2300	55
2301	55
2302	60
2303	63
2304	46
2305	61
2306	65
2307	44
2308	57
2309	53
2310	57
2311	60
2312	58
2313	58
2314	55
2315	65
2316	63
2317	72
2318	67
2319	37
2320	61
2321	58
2322	54
2323	47
2324	60
2325	44
2326	49
2327	49
2328	58
2329	56
2330	54
2331	47
2332	59
2333	65
2334	47
2335	54
2336	58
2337	56
2338	49
2339	52
2340	57
2341	52
2342	49
2343	60
2344	47
2345	50
2346	48
2347	53
2348	60
2349	57
2350	60
2351	61
2352	54
2353	49
2354	52
2355	71
2356	55
2357	55
2358	52
2359	50
2360	47
2361	50
2362	54
2363	55
2364	48
2365	53
2366	44
2367	60
2368	46
2369	41
2370	64
2371	63
2372	50
2373	62
2374	54
2375	54
2376	58
2377	43
2378	57
2379	57
2380	51
2381	47
2382	53
2383	60
2384	55
2385	49
2386	48
2387	44
2388	43
2389	51
2390	44
2391	61
2392	56
2393	58
2394	55
2395	57
2396	54
2397	44
2398	55
2399	59
2400	63
2401	52
2402	55
2403	53
2404	60
2405	60
2406	51
2407	60
2408	63
2409	46
2410	52
2411	52
2412	46
2413	39
2414	49
2415	52
2416	58
2417	56
2418	46
2419	56
2420	52
2421	58
2422	58
2423	60
2424	58
2425	61
2426	40
2427	46
2428	44
2429	55
2430	51
2431	61
2432	52
2433	59
2434	48
2435	54
2436	57
2437	62
2438	48
2439	65
2440	62
2441	54
2442	53
2443	45
2444	56
2445	53
2446	53
2447	64
2448	54
2449	50
2450	54
2451	57
2452	57
2453	64
2454	49
2455	45
2456	47
2457	52
2458	43
2459	54
2460	49
2461	44
2462	46
2463	55
2464	55
2465	49
2466	58
2467	53
2468	50
2469	60
2470	69
2471	45
2472	49
2473	51
2474	57
2475	49
2476	48
2477	55
2478	68
2479	50
2480	57
2481	47
2482	52
2483	49
2484	59
2485	54
2486	48
2487	48
2488	27
2489	52
2490	52
2491	60
2492	55
2493	56
2494	48
2495	59
2496	51
2497	71
2498	55
2499	53
2500	50
2501	51
2502	56
2503	39
2504	46
2505	59
2506	49
2507	41
2508	67
2509	47
2510	39
2511	48
2512	39
2513	54
2514	50
2515	31
2516	40
2517	51
2518	57
2519	55
2520	49
2521	66
2522	51
2523	45
2524	71
2525	41
2526	46
2527	57
2528	52
2529	61
2530	53
2531	68
2532	50
2533	52
2534	50
2535	50
2536	50
2537	55
2538	53
2539	54
2540	61
2541	59
2542	61
2543	45
2544	49
2545	48
2546	51
2547	56
2548	44
2549	45
2550	58
2551	47
2552	48
2553	54
2554	35
2555	48
2556	60
2557	60
2558	63
2559	47
2560	49
2561	63
2562	56
2563	62
2564	47
2565	52
2566	56
2567	67
2568	57
2569	57
2570	45
2571	50
2572	52
2573	52
2574	39
2575	57
2576	51
2577	41
2578	52
2579	55
2580	45
2581	71
2582	52
2583	51
2584	43
2585	53
2586	55
2587	41
2588	42
2589	68
2590	61
2591	57
2592	58
2593	71
2594	59
2595	48
2596	61
2597	48
2598	65
2599	46
2600	50
2601	60
2602	51
2603	56
2604	59
2605	47
2606	61
2607	45
2608	63
2609	48
2610	65
2611	56
2612	53
2613	49
2614	46
2615	68
2616	45
2617	54
2618	71
2619	50
2620	66
2621	63
2622	53
2623	52
2624	41
2625	38
2626	54
2627	62
2628	59
2629	55
2630	61
2631	56
2632	48
2633	61
2634	51
2635	47
2636	44
2637	59
2638	56
2639	59
2640	57
2641	42
2642	46
2643	66
2644	54
2645	50
2646	51
2647	52
2648	36
2649	55
2650	56
2651	51
2652	54
2653	53
2654	51
2655	39
2656	47
2657	52
2658	42
2659	48
2660	46
2661	63
2662	57
2663	57
2664	46
2665	45
2666	65
2667	43
2668	53
2669	66
2670	52
2671	48
2672	37
2673	67
2674	45
2675	53
2676	59
2677	44
2678	53
2679	48
2680	52
2681	55
2682	51
2683	50
2684	55
2685	45
2686	59
2687	51
2688	62
2689	42
2690	57
2691	45
2692	55
2693	49
2694	61
2695	51
2696	49
2697	68
2698	62
2699	56
2700	66
2701	59
2702	46
2703	62
2704	55
2705	48
2706	63
2707	40
2708	57
2709	50
2710	56
2711	61
2712	44
2713	53
2714	55
2715	59
2716	37
2717	53
2718	48
2719	64
2720	49
2721	50
2722	48
2723	54
2724	64
2725	47
2726	47
2727	49
2728	49
2729	52
2730	52
2731	57
2732	61
2733	56
2734	53
2735	52
2736	53
2737	51
2738	45
2739	51
2740	52
2741	54
2742	46
2743	57
2744	49
2745	51
2746	65
2747	57
2748	45
2749	61
2750	63
2751	45
2752	56
2753	47
2754	54
2755	47
2756	56
2757	67
2758	45
2759	61
2760	54
2761	55
2762	52
2763	58
2764	50
2765	53
2766	65
2767	40
2768	54
2769	44
2770	65
2771	50
2772	60
2773	64
2774	63
2775	48
2776	49
2777	80
2778	45
2779	41
2780	55
2781	60
2782	62
2783	43
2784	70
2785	61
2786	55
2787	41
2788	53
2789	65
2790	74
2791	53
2792	58
2793	45
2794	59
2795	58
2796	65
2797	44
2798	51
2799	47
2800	56
2801	48
2802	51
2803	45
2804	46
2805	50
2806	50
2807	50
2808	55
2809	43
2810	53
2811	53
2812	51
2813	59
2814	53
2815	50
2816	44
2817	53
2818	53
2819	49
2820	54
2821	51
2822	57
2823	61
2824	50
2825	47
2826	74
2827	41
2828	40
2829	66
2830	68
2831	56
2832	56
2833	55
2834	52
2835	51
2836	51
2837	66
2838	43
2839	49
2840	47
2841	60
2842	48
2843	64
2844	52
2845	48
2846	61
2847	42
2848	50
2849	49
2850	51
2851	52
2852	53
2853	55
2854	45
2855	36
2856	55
2857	39
2858	53
2859	57
2860	58
2861	36
2862	49
2863	36
2864	60
2865	49
2866	58
2867	39
2868	48
2869	49
2870	52
2871	59
2872	48
2873	53
2874	48
2875	63
2876	50
2877	51
2878	54
2879	59
2880	58
2881	43
2882	47
2883	67
2884	65
2885	57
2886	54
2887	54
2888	57
2889	47
2890	59
2891	57
2892	67
2893	39
2894	66
2895	51
2896	54
2897	58
2898	53
2899	40
2900	63
2901	58
2902	51
2903	61
2904	62
2905	60
2906	56
2907	50
2908	60
2909	53
2910	41
2911	54
2912	62
2913	55
2914	62
2915	45
2916	53
2917	52
2918	39
2919	56
2920	55
2921	48
2922	51
2923	61
2924	44
2925	60
2926	73
2927	66
2928	64
2929	57
2930	49
2931	56
2932	70
2933	52
2934	56
2935	60
2936	53
2937	55
2938	60
2939	48
2940	50
2941	58
2942	64
2943	59
2944	58
2945	60
2946	58
2947	61
2948	55
2949	46
2950	61
2951	49
2952	59
2953	39
2954	48
2955	51
2956	68
2957	41
2958	42
2959	46
2960	71
2961	49
2962	60
2963	50
2964	61
2965	47
2966	50
2967	56
2968	43
2969	50
2970	44
2971	58
2972	66
2973	58
2974	52
2975	56
2976	54
2977	57
2978	52
2979	58
2980	48
2981	52
2982	47
2983	38
2984	60
2985	41
2986	55
2987	57
2988	59
2989	48
2990	58
2991	47
2992	54
2993	53
2994	72
2995	54
2996	51
2997	44
2998	68
2999	56
3000	61
3001	54
3002	56
3003	62
3004	69
3005	56
3006	49
3007	54
3008	54
3009	45
3010	35
3011	56
3012	60
3013	56
3014	51
3015	34
3016	65
3017	57
3018	66
3019	37
3020	52
3021	50
3022	72
3023	44
3024	50
3025	53
3026	54
3027	53
3028	51
3029	53
3030	53
3031	44
3032	58
3033	45
3034	66
3035	49
3036	65
3037	55
3038	55
3039	65
3040	71
3041	56
3042	60
3043	56
3044	57
3045	48
3046	47
3047	48
3048	54
3049	65
3050	49
3051	55
3052	53
3053	42
3054	51
3055	58
3056	58
3057	63
3058	52
3059	46
3060	35
3061	47
3062	48
3063	45
3064	53
3065	41
3066	56
3067	47
3068	41
3069	50
3070	42
3071	56
3072	64
3073	62
3074	72
3075	58
3076	51
3077	58
3078	59
3079	51
3080	46
3081	49
3082	45
3083	47
3084	58
3085	59
3086	45
3087	42
3088	51
3089	60
3090	47
3091	64
3092	48
3093	62
3094	50
3095	58
3096	55
3097	40
3098	60
3099	56
3100	46
3101	59
3102	50
3103	44
3104	51
3105	63
3106	32
3107	58
3108	41
3109	57
3110	52
3111	53
3112	46
3113	45
3114	42
3115	56
3116	45
3117	51
3118	54
3119	54
3120	54
3121	51
3122	52
3123	50
3124	58
3125	56
3126	43
3127	58
3128	54
3129	47
3130	53
3131	53
3132	61
3133	54
3134	45
3135	49
3136	59
3137	50
3138	64
3139	45
3140	66
3141	46
3142	68
3143	49
3144	68
3145	57
3146	48
3147	49
3148	53
3149	44
3150	61
3151	57
3152	51
3153	52
3154	55
3155	63
3156	48
3157	51
3158	57
3159	55
3160	46
3161	51
3162	56
3163	67
3164	50
3165	43
3166	52
3167	46
3168	47
3169	60
3170	57
3171	41
3172	54
3173	43
3174	47
3175	71
3176	46
3177	54
3178	48
3179	45
3180	56
3181	54
3182	69
3183	64
3184	61
3185	46
3186	50
3187	55
3188	53
3189	38
3190	47
3191	53
3192	46
3193	51
3194	47
3195	47
3196	45
3197	54
3198	55
3199	43
3200	56
3201	56
3202	59
3203	57
3204	44
3205	45
3206	49
3207	59
3208	47
3209	56
3210	45
3211	58
3212	50
3213	55
3214	45
3215	63
3216	49
3217	60
3218	63
3219	66
3220	51
3221	39
3222	57
3223	57
3224	59
3225	58
3226	48
3227	63
3228	53
3229	53
3230	54
3231	69
3232	61
3233	58
3234	56
3235	52
3236	53
3237	62
3238	48
3239	69
3240	47
3241	56
3242	62
3243	51
3244	51
3245	43
3246	49
3247	50
3248	50
3249	48
3250	48
3251	50
3252	56
3253	46
3254	53
3255	54
3256	47
3257	42
3258	53
3259	56
3260	55
3261	52
3262	40
3263	48
3264	54
3265	46
3266	43
3267	57
3268	54
3269	46
3270	43
3271	41
3272	49
3273	59
3274	68
3275	56
3276	47
3277	51
3278	61
3279	46
3280	45
3281	55
3282	55
3283	55
3284	51
3285	51
3286	57
3287	42
3288	42
3289	41
3290	54
3291	61
3292	54
3293	51
3294	52
3295	43
3296	50
3297	41
3298	54
3299	56
3300	42
3301	41
3302	53
3303	60
3304	55
3305	56
3306	57
3307	50
3308	47
3309	55
3310	59
3311	48
3312	47
3313	44
3314	62
3315	56
3316	37
3317	42
3318	44
3319	55
3320	60
3321	65
3322	68
3323	43
3324	58
3325	56
3326	62
3327	46
3328	59
3329	55
3330	52
3331	50
3332	50
3333	52
3334	37
3335	49
3336	53
3337	58
3338	47
3339	60
3340	74
3341	60
3342	59
3343	63
3344	51
3345	63
3346	50
3347	53
3348	62
3349	63
3350	58
3351	58
3352	49
3353	51
3354	64
3355	72
3356	43
3357	58
3358	58
3359	65
3360	56
3361	50
3362	52
3363	74
3364	49
3365	53
3366	60
3367	58
3368	53
3369	57
3370	58
3371	57
3372	61
3373	40
3374	57
3375	59
3376	48
3377	67
3378	60
3379	56
3380	47
3381	58
3382	36
3383	65
3384	48
3385	44
3386	67
3387	40
3388	54
3389	50
3390	46
3391	57
3392	43
3393	46
3394	47
3395	65
3396	44
3397	57
3398	62
3399	61
3400	52
3401	52
3402	56
3403	55
3404	57
3405	42
3406	64
3407	45
3408	42
3409	55
3410	56
3411	61
3412	54
3413	53
3414	45
3415	57
3416	40
3417	61
3418	61
3419	42
3420	67
3421	40
3422	54
3423	50
3424	55
3425	52
3426	50
3427	47
3428	45
3429	61
3430	42
3431	48
3432	53
3433	40
3434	45
3435	49
3436	59
3437	46
3438	49
3439	61
3440	66
3441	64
3442	43
3443	52
3444	51
3445	52
3446	50
3447	54
3448	58
3449	53
3450	71
3451	60
3452	52
3453	55
3454	55
3455	54
3456	60
3457	60
3458	61
3459	50
3460	58
3461	59
3462	53
3463	59
3464	43
3465	55
3466	59
3467	60
3468	67
3469	45
3470	62
3471	60
3472	51
3473	52
3474	58
3475	64
3476	56
3477	55
3478	65
3479	60
3480	51
3481	41
3482	34
3483	60
3484	45
3485	51
3486	54
3487	60
3488	48
3489	62
3490	55
3491	59
3492	54
3493	54
3494	48
3495	49
3496	41
3497	51
3498	55
3499	54
3500	48
3501	64
3502	59
3503	49
3504	60
3505	49
3506	54
3507	56
3508	54
3509	48
3510	55
3511	56
3512	51
3513	48
3514	62
3515	46
3516	52
3517	58
3518	58
3519	41
3520	62
3521	71
3522	44
3523	62
3524	44
3525	41
3526	58
3527	62
3528	69
3529	49
3530	62
3531	59
3532	49
3533	53
3534	51
3535	49
3536	61
3537	46
3538	55
3539	51
3540	53
3541	57
3542	46
3543	53
3544	49
3545	54
3546	48
3547	58
3548	54
3549	59
3550	59
3551	54
3552	48
3553	53
3554	57
3555	40
3556	59
3557	66
3558	56
3559	71
3560	58
3561	44
3562	59
3563	47
3564	59
3565	55
3566	50
3567	42
3568	51
3569	54
3570	62
3571	56
3572	58
3573	49
3574	50
3575	48
3576	43
3577	45
3578	54
3579	62
3580	44
3581	51
3582	41
3583	49
3584	43
3585	53
3586	68
3587	50
3588	49
3589	48
3590	47
3591	52
3592	64
3593	57
3594	45
3595	42
3596	49
3597	56
3598	45
3599	65
3600	52
3601	64
3602	58
3603	48
3604	32
3605	39
3606	37
3607	47
3608	54
3609	41
3610	64
3611	46
3612	55
3613	54
3614	38
3615	56
3616	58
3617	57
3618	57
3619	57
3620	49
3621	47
3622	59
3623	45
3624	47
3625	46
3626	55
3627	61
3628	48
3629	51
3630	58
3631	55
3632	50
3633	66
3634	39
3635	40
3636	51
3637	48
3638	54
3639	44
3640	53
3641	37
3642	53
3643	47
3644	58
3645	58
3646	50
3647	56
3648	54
3649	50
3650	47
3651	60
3652	41
3653	59
3654	44
3655	66
3656	51
3657	67
3658	51
3659	57
3660	49
3661	47
3662	58
3663	58
3664	61
3665	43
3666	46
3667	70
3668	56
3669	59
3670	45
3671	43
3672	49
3673	55
3674	51
3675	61
3676	45
3677	54
3678	49
3679	61
3680	60
3681	53
3682	52
3683	66
3684	51
3685	38
3686	38
3687	49
3688	62
3689	48
3690	52
3691	46
3692	64
3693	59
3694	68
3695	47
3696	37
3697	58
3698	50
3699	58
3700	42
3701	43
3702	48
3703	59
3704	60
3705	58
3706	54
3707	44
3708	49
3709	57
3710	58
3711	54
3712	51
3713	47
3714	37
3715	55
3716	52
3717	42
3718	53
3719	50
3720	52
3721	49
3722	54
3723	60
3724	44
3725	44
3726	59
3727	50
3728	60
3729	50
3730	47
3731	70
3732	47
3733	58
3734	51
3735	57
3736	43
3737	56
3738	46
3739	59
3740	62
3741	55
3742	59
3743	57
3744	44
3745	54
3746	52
3747	60
3748	64
3749	59
3750	52
3751	41
3752	46
3753	60
3754	53
3755	55
3756	45
3757	64
3758	51
3759	62
3760	53
3761	49
3762	69
3763	47
3764	50
3765	41
3766	59
3767	53
3768	56
3769	77
3770	44
3771	62
3772	71
3773	38
3774	57
3775	61
3776	55
3777	59
3778	61
3779	60
3780	47
3781	47
3782	54
3783	56
3784	52
3785	61
3786	66
3787	80
3788	51
3789	72
3790	44
3791	54
3792	56
3793	51
3794	60
3795	61
3796	65
3797	65
3798	53
3799	61
3800	50
3801	46
3802	53
3803	52
3804	63
3805	61
3806	50
3807	46
3808	62
3809	55
3810	54
3811	49
3812	46
3813	43
3814	49
3815	40
3816	56
3817	59
3818	50
3819	50
3820	51
3821	53
3822	45
3823	55
3824	62
3825	54
3826	53
3827	63
3828	64
3829	60
3830	47
3831	45
3832	46
3833	65
3834	54
3835	63
3836	64
3837	46
3838	62
3839	47
3840	48
3841	50
3842	52
3843	55
3844	44
3845	55
3846	55
3847	59
3848	40
3849	48
3850	54
3851	43
3852	48
3853	46
3854	44
3855	58
3856	35
3857	53
3858	56
3859	48
3860	63
3861	52
3862	41
3863	44
3864	54
3865	49
3866	60
3867	50
3868	56
3869	59
3870	46
3871	50
3872	61
3873	47
3874	54
3875	51
3876	68
3877	52
3878	58
3879	59
3880	56
3881	49
3882	43
3883	52
3884	55
3885	45
3886	65
3887	44
3888	56
3889	48
3890	43
3891	48
3892	55
3893	49
3894	58
3895	45
3896	58
3897	63
3898	59
3899	59
3900	44
3901	52
3902	55
3903	52
3904	52
3905	52
3906	58
3907	55
3908	54
3909	70
3910	52
3911	57
3912	57
3913	51
3914	65
3915	47
3916	46
3917	45
3918	56
3919	56
3920	50
3921	70
3922	59
3923	55
3924	37
3925	50
3926	51
3927	57
3928	53
3929	48
3930	56
3931	62
3932	51
3933	48
3934	50
3935	52
3936	49
3937	56
3938	53
3939	50
3940	44
3941	68
3942	31
3943	55
3944	51
3945	43
3946	41
3947	49
3948	60
3949	39
3950	61
3951	58
3952	58
3953	51
3954	57
3955	57
3956	65
3957	63
3958	58
3959	61
3960	46
3961	41
3962	56
3963	49
3964	43
3965	48
3966	46
3967	53
3968	61
3969	65
3970	52
3971	40
3972	56
3973	59
3974	47
3975	42
3976	56
3977	55
3978	58
3979	56
3980	42
3981	51
3982	64
3983	41
3984	54
3985	58
3986	46
3987	44
3988	34
3989	53
3990	47
3991	50
3992	46
3993	58
3994	62
3995	60
3996	57
3997	49
3998	42
3999	63
4000	51
4001	47
4002	54
4003	45
4004	56
4005	50
4006	63
4007	54
4008	52
4009	52
4010	44
4011	46
4012	53
4013	57
4014	40
4015	60
4016	39
4017	55
4018	47
4019	50
4020	56
4021	51
4022	46
4023	45
4024	60
4025	58
4026	53
4027	47
4028	55
4029	50
4030	47
4031	52
4032	65
4033	43
4034	41
4035	62
4036	54
4037	46
4038	48
4039	41
4040	50
4041	57
4042	52
4043	44
4044	56
4045	58
4046	46
4047	65
4048	56
4049	55
4050	41
4051	52
4052	46
4053	41
4054	59
4055	60
4056	62
4057	59
4058	51
4059	54
4060	52
4061	46
4062	50
4063	50
4064	45
4065	42
4066	40
4067	48
4068	57
4069	48
4070	57
4071	44
4072	55
4073	65
4074	55
4075	49
4076	53
4077	45
4078	56
4079	60
4080	55
4081	56
4082	51
4083	51
4084	48
4085	55
4086	59
4087	51
4088	49
4089	56
4090	60
4091	49
4092	36
4093	65
4094	49
4095	48
4096	47
4097	56
4098	53
4099	53
4100	41
4101	65
4102	53
4103	45
4104	50
4105	51
4106	53
4107	62
4108	54
4109	62
4110	41
4111	51
4112	55
4113	42
4114	54
4115	47
4116	55
4117	50
4118	52
4119	53
4120	57
4121	68
4122	50
4123	59
4124	57
4125	76
4126	67
4127	49
4128	45
4129	47
4130	67
4131	42
4132	55
4133	53
4134	54
4135	68
4136	46
4137	55
4138	66
4139	57
4140	54
4141	53
4142	58
4143	50
4144	52
4145	52
4146	44
4147	56
4148	55
4149	53
4150	51
4151	42
4152	52
4153	50
4154	52
4155	53
4156	52
4157	53
4158	40
4159	56
4160	51
4161	54
4162	63
4163	50
4164	53
4165	52
4166	42
4167	42
4168	56
4169	51
4170	54
4171	47
4172	52
4173	49
4174	45
4175	71
4176	42
4177	56
4178	54
4179	52
4180	51
4181	60
4182	40
4183	70
4184	50
4185	45
4186	60
4187	62
4188	64
4189	47
4190	39
4191	51
4192	54
4193	52
4194	48
4195	54
4196	66
4197	58
4198	38
4199	56
4200	36
4201	40
4202	51
4203	58
4204	41
4205	59
4206	60
4207	63
4208	61
4209	43
4210	56
4211	46
4212	53
4213	55
4214	54
4215	48
4216	57
4217	45
4218	51
4219	44
4220	61
4221	59
4222	65
4223	61
4224	52
4225	53
4226	61
4227	52
4228	48
4229	47
4230	59
4231	55
4232	48
4233	64
4234	60
4235	64
4236	50
4237	48
4238	52
4239	49
4240	61
4241	41
4242	58
4243	46
4244	48
4245	63
4246	50
4247	59
4248	49
4249	44
4250	63
4251	51
4252	57
4253	52
4254	58
4255	49
4256	45
4257	53
4258	53
4259	58
4260	53
4261	69
4262	47
4263	58
4264	51
4265	40
4266	54
4267	50
4268	49
4269	65
4270	47
4271	58
4272	47
4273	50
4274	52
4275	61
4276	54
4277	63
4278	65
4279	60
4280	68
4281	53
4282	52
4283	41
4284	58
4285	49
4286	49
4287	61
4288	49
4289	66
4290	54
4291	36
4292	47
4293	59
4294	57
4295	50
4296	48
4297	60
4298	49
4299	58
4300	62
4301	57
4302	48
4303	59
4304	56
4305	40
4306	53
4307	58
4308	52
4309	47
4310	44
4311	44
4312	54
4313	45
4314	40
4315	63
4316	57
4317	59
4318	54
4319	50
4320	52
4321	54
4322	57
4323	53
4324	48
4325	68
4326	45
4327	58
4328	41
4329	43
4330	41
4331	53
4332	55
4333	51
4334	51
4335	47
4336	62
4337	47
4338	69
4339	66
4340	47
4341	47
4342	62
4343	59
4344	45
4345	52
4346	64
4347	62
4348	53
4349	40
4350	57
4351	48
4352	57
4353	54
4354	46
4355	62
4356	50
4357	69
4358	59
4359	43
4360	54
4361	59
4362	62
4363	52
4364	62
4365	40
4366	56
4367	36
4368	49
4369	40
4370	72
4371	48
4372	49
4373	48
4374	50
4375	64
4376	60
4377	51
4378	51
4379	53
4380	48
4381	55
4382	59
4383	56
4384	58
4385	62
4386	52
4387	49
4388	51
4389	46
4390	55
4391	54
4392	53
4393	55
4394	56
4395	44
4396	53
4397	60
4398	56
4399	51
4400	66
4401	49
4402	52
4403	53
4404	60
4405	63
4406	38
4407	51
4408	54
4409	43
4410	53
4411	46
4412	54
4413	52
4414	51
4415	48
4416	64
4417	59
4418	66
4419	61
4420	64
4421	57
4422	57
4423	67
4424	56
4425	46
4426	50
4427	52
4428	65
4429	60
4430	58
4431	49
4432	59
4433	58
4434	60
4435	43
4436	46
4437	44
4438	57
4439	52
4440	49
4441	56
4442	48
4443	59
4444	55
4445	43
4446	62
4447	62
4448	56
4449	52
4450	38
4451	63
4452	50
4453	42
4454	61
4455	48
4456	66
4457	48
4458	59
4459	49
4460	47
4461	56
4462	64
4463	50
4464	51
4465	50
4466	50
4467	47
4468	47
4469	46
4470	44
4471	55
4472	54
4473	55
4474	46
4475	54
4476	52
4477	49
4478	53
4479	38
4480	60
4481	55
4482	46
4483	52
4484	43
4485	46
4486	45
4487	51
4488	54
4489	46
4490	47
4491	47
4492	48
4493	58
4494	56
4495	61
4496	42
4497	48
4498	52
4499	52
4500	43
4501	41
4502	60
4503	62
4504	53
4505	51
4506	51
4507	59
4508	41
4509	49
4510	56
4511	52
4512	49
4513	48
4514	51
4515	52
4516	49
4517	56
4518	56
4519	67
4520	65
4521	61
4522	47
4523	56
4524	53
4525	58
4526	47
4527	47
4528	50
4529	52
4530	46
4531	60
4532	58
4533	44
4534	45
4535	46
4536	51
4537	52
4538	53
4539	41
4540	45
4541	51
4542	49
4543	48
4544	53
4545	44
4546	53
4547	48
4548	51
4549	62
4550	51
4551	49
4552	59
4553	56
4554	52
4555	46
4556	51
4557	57
4558	49
4559	60
4560	62
4561	44
4562	59
4563	47
4564	50
4565	58
4566	55
4567	61
4568	48
4569	62
4570	53
4571	50
4572	57
4573	66
4574	61
4575	47
4576	52
4577	54
4578	48
4579	42
4580	55
4581	52
4582	60
4583	48
4584	41
4585	44
4586	47
4587	64
4588	49
4589	45
4590	55
4591	51
4592	50
4593	64
4594	59
4595	49
4596	59
4597	47
4598	69
4599	49
4600	60
4601	61
4602	51
4603	51
4604	47
4605	63
4606	70
4607	51
4608	46
4609	60
4610	59
4611	51
4612	45
4613	63
4614	45
4615	56
4616	47
4617	59
4618	53
4619	53
4620	46
4621	49
4622	45
4623	52
4624	64
4625	53
4626	48
4627	54
4628	45
4629	39
4630	59
4631	43
4632	53
4633	54
4634	47
4635	49
4636	54
4637	53
4638	60
4639	47
4640	62
4641	54
4642	66
4643	50
4644	55
4645	47
4646	55
4647	51
4648	64
4649	58
4650	41
4651	57
4652	57
4653	44
4654	59
4655	47
4656	36
4657	60
4658	56
4659	48
4660	53
4661	58
4662	56
4663	43
4664	42
4665	65
4666	48
4667	54
4668	41
4669	50
4670	45
4671	60
4672	54
4673	63
4674	57
4675	61
4676	54
4677	47
4678	43
4679	68
4680	56
4681	54
4682	59
4683	53
4684	54
4685	51
4686	44
4687	65
4688	66
4689	59
4690	61
4691	63
4692	54
4693	43
4694	53
4695	48
4696	62
4697	50
4698	46
4699	58
4700	46
4701	59
4702	54
4703	52
4704	64
4705	59
4706	50
4707	48
4708	50
4709	60
4710	59
4711	47
4712	52
4713	59
4714	45
4715	62
4716	54
4717	66
4718	54
4719	55
4720	51
4721	56
4722	55
4723	53
4724	55
4725	50
4726	63
4727	44
4728	46
4729	51
4730	63
4731	54
4732	58
4733	56
4734	32
4735	37
4736	58
4737	48
4738	55
4739	48
4740	41
4741	40
4742	46
4743	50
4744	57
4745	53
4746	61
4747	39
4748	50
4749	50
4750	53
4751	53
4752	48
4753	47
4754	32
4755	58
4756	42
4757	50
4758	61
4759	53
4760	54
4761	59
4762	63
4763	63
4764	54
4765	51
4766	55
4767	60
4768	61
4769	61
4770	44
4771	53
4772	53
4773	47
4774	51
4775	61
4776	47
4777	53
4778	55
4779	52
4780	54
4781	56
4782	63
4783	51
4784	39
4785	56
4786	52
4787	63
4788	48
4789	46
4790	49
4791	50
4792	57
4793	57
4794	47
4795	58
4796	50
4797	38
4798	55
4799	38
4800	63
4801	46
4802	45
4803	54
4804	44
4805	53
4806	49
4807	52
4808	55
4809	53
4810	43
4811	61
4812	52
4813	57
4814	59
4815	55
4816	59
4817	45
4818	57
4819	50
4820	58
4821	52
4822	56
4823	60
4824	54
4825	55
4826	59
4827	70
4828	48
4829	49
4830	47
4831	71
4832	50
4833	47
4834	48
4835	41
4836	64
4837	39
4838	48
4839	58
4840	68
4841	49
4842	46
4843	47
4844	54
4845	48
4846	60
4847	54
4848	42
4849	49
4850	55
4851	54
4852	64
4853	65
4854	62
4855	57
4856	55
4857	53
4858	69
4859	52
4860	69
4861	54
4862	43
4863	54
4864	51
4865	64
4866	48
4867	48
4868	61
4869	55
4870	41
4871	56
4872	40
4873	61
4874	51
4875	47
4876	64
4877	48
4878	60
4879	40
4880	50
4881	68
4882	49
4883	60
4884	59
4885	41
4886	56
4887	58
4888	71
4889	64
4890	55
4891	39
4892	44
4893	54
4894	48
4895	53
4896	36
4897	59
4898	43
4899	51
4900	56
4901	52
4902	56
4903	44
4904	59
4905	61
4906	73
4907	44
4908	53
4909	50
4910	55
4911	64
4912	59
4913	61
4914	57
4915	52
4916	54
4917	46
4918	64
4919	59
4920	62
4921	62
4922	53
4923	47
4924	49
4925	60
4926	58
4927	71
4928	45
4929	59
4930	56
4931	47
4932	49
4933	51
4934	71
4935	43
4936	60
4937	51
4938	51
4939	49
4940	59
4941	44
4942	51
4943	57
4944	59
4945	53
4946	59
4947	53
4948	59
4949	57
4950	61
4951	44
4952	41
4953	48
4954	52
4955	55
4956	58
4957	51
4958	57
4959	50
4960	49
4961	55
4962	47
4963	47
4964	50
4965	52
4966	47
4967	56
4968	55
4969	50
4970	59
4971	46
4972	46
4973	61
4974	45
4975	61
4976	63
4977	48
4978	50
4979	49
4980	55
4981	55
4982	56
4983	68
4984	51
4985	61
4986	51
4987	47
4988	72
4989	52
4990	60
4991	48
4992	40
4993	48
4994	53
4995	59
4996	51
4997	38
4998	52
4999	46
5000	43
5001	51
5002	45
5003	54
5004	61
5005	46
5006	46
5007	56
5008	49
5009	57
5010	54
5011	43
5012	48
5013	53
5014	51
5015	50
5016	64
5017	51
5018	60
5019	48
5020	48
5021	54
5022	58
5023	50
5024	59
5025	57
5026	57
5027	58
5028	53
5029	55
5030	39
5031	57
5032	30
5033	56
5034	57
5035	55
5036	46
5037	61
5038	52
5039	48
5040	49
5041	52
5042	46
5043	54
5044	68
5045	49
5046	57
5047	43
5048	59
5049	45
5050	54
5051	51
5052	39
5053	58
5054	50
5055	48
5056	61
5057	46
5058	38
5059	62
5060	49
5061	41
5062	47
5063	45
5064	47
5065	38
5066	62
5067	53
5068	49
5069	62
5070	55
5071	51
5072	50
5073	44
5074	61
5075	57
5076	44
5077	63
5078	57
5079	75
5080	45
5081	57
5082	47
5083	43
5084	37
5085	61
5086	58
5087	61
5088	50
5089	43
5090	63
5091	57
5092	54
5093	47
5094	43
5095	50
5096	49
5097	55
5098	50
5099	49
5100	51
5101	60
5102	65
5103	34
5104	55
5105	50
5106	63
5107	64
5108	60
5109	54
5110	55
5111	51
5112	61
5113	50
5114	57
5115	57
5116	59
5117	44
5118	52
5119	45
5120	59
5121	70
5122	71
5123	63
5124	55
5125	49
5126	52
5127	65
5128	48
5129	58
5130	46
5131	54
5132	60
5133	62
5134	52
5135	57
5136	34
5137	55
5138	51
5139	54
5140	62
5141	51
5142	48
5143	43
5144	48
5145	45
5146	49
5147	43
5148	47
5149	39
5150	53
5151	58
5152	49
5153	50
5154	49
5155	54
5156	53
5157	55
5158	43
5159	56
5160	51
5161	50
5162	44
5163	55
5164	48
5165	48
5166	48
5167	64
5168	61
5169	50
5170	36
5171	50
5172	46
5173	43
5174	54
5175	45
5176	49
5177	50
5178	63
5179	58
5180	55
5181	45
5182	60
5183	49
5184	57
5185	41
5186	42
5187	58
5188	56
5189	57
5190	40
5191	49
5192	56
5193	53
5194	46
5195	53
5196	43
5197	53
5198	64
5199	57
5200	56
5201	55
5202	54
5203	58
5204	56
5205	66
5206	53
5207	56
5208	52
5209	52
5210	44
5211	62
5212	61
5213	52
5214	54
5215	40
5216	45
5217	50
5218	54
5219	65
5220	65
5221	54
5222	55
5223	52
5224	59
5225	44
5226	52
5227	46
5228	56
5229	51
5230	65
5231	48
5232	55
5233	58
5234	60
5235	57
5236	54
5237	62
5238	57
5239	60
5240	44
5241	47
5242	50
5243	53
5244	65
5245	60
5246	49
5247	47
5248	53
5249	44
5250	65
5251	66
5252	52
5253	53
5254	46
5255	65
5256	53
5257	41
5258	51
5259	59
5260	65
5261	54
5262	58
5263	51
5264	62
5265	54
5266	49
5267	54
5268	46
5269	54
5270	50
5271	62
5272	68
5273	45
5274	40
5275	47
5276	57
5277	56
5278	40
5279	52
5280	51
5281	62
5282	44
5283	51
5284	57
5285	49
5286	60
5287	69
5288	42
5289	52
5290	54
5291	63
5292	70
5293	64
5294	51
5295	51
5296	48
5297	42
5298	42
5299	59
5300	44
5301	66
5302	53
5303	51
5304	48
5305	64
5306	65
5307	56
5308	51
5309	44
5310	53
5311	60
5312	53
5313	58
5314	62
5315	48
5316	55
5317	57
5318	52
5319	50
5320	47
5321	57
5322	48
5323	58
5324	60
5325	64
5326	60
5327	65
5328	59
5329	54
5330	59
5331	58
5332	58
5333	70
5334	53
5335	69
5336	55
5337	56
5338	68
5339	64
5340	54
5341	43
5342	51
5343	64
5344	45
5345	53
5346	61
5347	45
5348	53
5349	52
5350	51
5351	51
5352	57
5353	68
5354	63
5355	55
5356	57
5357	62
5358	35
5359	58
5360	53
5361	56
5362	49
5363	55
5364	54
5365	59
5366	52
5367	52
5368	75
5369	57
5370	51
5371	55
5372	62
5373	34
5374	52
5375	62
5376	55
5377	43
5378	49
5379	53
5380	46
5381	53
5382	58
5383	67
5384	59
5385	44
5386	51
5387	61
5388	47
5389	60
5390	52
5391	51
5392	54
5393	50
5394	49
5395	50
5396	52
5397	61
5398	62
5399	59
5400	46
5401	63
5402	52
5403	50
5404	45
5405	63
5406	54
5407	58
5408	58
5409	51
5410	55
5411	59
5412	48
5413	55
5414	67
5415	55
5416	63
5417	59
5418	49
5419	48
5420	44
5421	51
5422	60
5423	45
5424	58
5425	50
5426	44
5427	51
5428	57
5429	38
5430	51
5431	52
5432	62
5433	70
5434	45
5435	56
5436	50
5437	46
5438	51
5439	65
5440	53
5441	72
5442	57
5443	48
5444	55
5445	55
5446	52
5447	53
5448	52
5449	57
5450	56
5451	59
5452	58
5453	60
5454	61
5455	59
5456	62
5457	48
5458	67
5459	58
5460	48
5461	47
5462	48
5463	58
5464	48
5465	59
5466	56
5467	60
5468	37
5469	51
5470	54
5471	58
5472	58
5473	59
5474	71
5475	63
5476	66
5477	49
5478	45
5479	53
5480	59
5481	42
5482	71
5483	44
5484	30
5485	51
5486	61
5487	53
5488	55
5489	55
5490	56
5491	43
5492	42
5493	56
5494	50
5495	41
5496	55
5497	53
5498	60
5499	52
5500	47
5501	57
5502	69
5503	57
5504	53
5505	51
5506	48
5507	46
5508	39
5509	53
5510	54
5511	51
5512	47
5513	57
5514	64
5515	61
5516	50
5517	58
5518	56
5519	57
5520	53
5521	54
5522	52
5523	43
5524	49
5525	65
5526	64
5527	55
5528	52
5529	58
5530	58
5531	57
5532	54
5533	39
5534	54
5535	54
5536	55
5537	57
5538	53
5539	62
5540	55
5541	56
5542	62
5543	52
5544	53
5545	57
5546	60
5547	49
5548	57
5549	58
5550	51
5551	61
5552	71
5553	55
5554	53
5555	54
5556	62
5557	46
5558	49
5559	52
5560	52
5561	53
5562	57
5563	55
5564	43
5565	53
5566	42
5567	53
5568	46
5569	46
5570	58
5571	40
5572	61
5573	40
5574	55
5575	38
5576	57
5577	57
5578	55
5579	59
5580	33
5581	50
5582	43
5583	57
5584	64
5585	53
5586	46
5587	49
5588	67
5589	46
5590	52
5591	57
5592	68
5593	50
5594	53
5595	53
5596	57
5597	43
5598	41
5599	55
5600	59
5601	61
5602	47
5603	54
5604	57
5605	54
5606	57
5607	54
5608	55
5609	53
5610	55
5611	42
5612	63
5613	62
5614	44
5615	43
5616	68
5617	49
5618	57
5619	58
5620	50
5621	51
5622	52
5623	45
5624	60
5625	61
5626	42
5627	43
5628	46
5629	58
5630	54
5631	59
5632	56
5633	53
5634	61
5635	56
5636	54
5637	53
5638	59
5639	46
5640	49
5641	61
5642	54
5643	56
5644	49
5645	51
5646	43
5647	58
5648	69
5649	68
5650	58
5651	54
5652	46
5653	55
5654	45
5655	50
5656	47
5657	59
5658	58
5659	59
5660	55
5661	54
5662	55
5663	52
5664	54
5665	47
5666	55
5667	64
5668	47
5669	55
5670	45
5671	59
5672	58
5673	43
5674	55
5675	62
5676	46
5677	46
5678	44
5679	47
5680	56
5681	57
5682	55
5683	52
5684	57
5685	57
5686	56
5687	71
5688	53
5689	55
5690	53
5691	46
5692	42
5693	46
5694	43
5695	62
5696	48
5697	58
5698	47
5699	54
5700	56
5701	48
5702	50
5703	55
5704	53
5705	53
5706	47
5707	55
5708	52
5709	49
5710	60
5711	50
5712	59
5713	53
5714	62
5715	61
5716	60
5717	53
5718	56
5719	54
5720	54
5721	45
5722	44
5723	60
5724	44
5725	56
5726	71
5727	58
5728	57
5729	44
5730	58
5731	78
5732	47
5733	56
5734	64
5735	51
5736	57
5737	58
5738	43
5739	55
5740	42
5741	46
5742	59
5743	49
5744	61
5745	50
5746	44
5747	55
5748	59
5749	48
5750	43
5751	53
5752	46
5753	68
5754	52
5755	65
5756	64
5757	57
5758	57
5759	48
5760	46
5761	52
5762	56
5763	47
5764	65
5765	54
5766	52
5767	49
5768	46
5769	41
5770	49
5771	52
5772	51
5773	63
5774	43
5775	62
5776	59
5777	50
5778	49
5779	54
5780	42
5781	48
5782	54
5783	47
5784	56
5785	43
5786	45
5787	50
5788	49
5789	60
5790	62
5791	57
5792	53
5793	37
5794	49
5795	49
5796	52
5797	58
5798	51
5799	44
5800	46
5801	53
5802	43
5803	56
5804	53
5805	51
5806	50
5807	66
5808	51
5809	56
5810	60
5811	50
5812	55
5813	56
5814	56
5815	47
5816	61
5817	58
5818	64
5819	61
5820	54
5821	57
5822	55
5823	48
5824	62
5825	58
5826	54
5827	53
5828	42
5829	58
5830	51
5831	45
5832	47
5833	58
5834	51
5835	55
5836	52
5837	57
5838	66
5839	45
5840	58
5841	53
5842	46
5843	56
5844	59
5845	45
5846	47
5847	57
5848	64
5849	55
5850	50
5851	48
5852	61
5853	46
5854	58
5855	66
5856	54
5857	66
5858	57
5859	46
5860	54
5861	51
5862	58
5863	60
5864	55
5865	64
5866	50
5867	55
5868	52
5869	52
5870	58
5871	56
5872	69
5873	54
5874	63
5875	63
5876	60
5877	47
5878	48
5879	51
5880	53
5881	67
5882	57
5883	45
5884	73
5885	57
5886	59
5887	52
5888	52
5889	47
5890	79
5891	52
5892	51
5893	51
5894	56
5895	47
5896	58
5897	58
5898	38
5899	50
5900	50
5901	48
5902	56
5903	58
5904	58
5905	48
5906	54
5907	46
5908	62
5909	71
5910	50
5911	48
5912	57
5913	47
5914	44
5915	57
5916	57
5917	59
5918	48
5919	57
5920	73
5921	57
5922	50
5923	52
5924	53
5925	55
5926	58
5927	62
5928	62
5929	47
5930	58
5931	55
5932	54
5933	57
5934	57
5935	48
5936	68
5937	60
5938	50
5939	63
5940	55
5941	42
5942	61
5943	67
5944	47
5945	62
5946	54
5947	59
5948	60
5949	46
5950	52
5951	46
5952	42
5953	54
5954	62
5955	52
5956	38
5957	57
5958	54
5959	52
5960	57
5961	50
5962	59
5963	40
5964	49
5965	39
5966	55
5967	59
5968	48
5969	50
5970	61
5971	62
5972	54
5973	63
5974	46
5975	42
5976	43
5977	45
5978	60
5979	49
5980	67
5981	52
5982	54
5983	53
5984	64
5985	57
5986	50
5987	41
5988	53
5989	62
5990	70
5991	45
5992	43
5993	57
5994	54
5995	54
5996	44
5997	69
5998	50
5999	45
6000	48
6001	56
6002	57
6003	55
6004	55
6005	60
6006	56
6007	57
6008	57
6009	59
6010	58
6011	51
6012	52
6013	44
6014	59
6015	57
6016	55
6017	49
6018	50
6019	50
6020	60
6021	50
6022	48
6023	56
6024	59
6025	58
6026	54
6027	45
6028	46
6029	63
6030	60
6031	45
6032	49
6033	55
6034	60
6035	58
6036	54
6037	56
6038	52
6039	42
6040	58
6041	68
6042	68
6043	56
6044	45
6045	55
6046	41
6047	52
6048	63
6049	52
6050	52
6051	46
6052	63
6053	49
6054	50
6055	60
6056	49
6057	50
6058	60
6059	53
6060	59
6061	54
6062	55
6063	51
6064	48
6065	61
6066	61
6067	56
6068	68
6069	56
6070	57
6071	59
6072	48
6073	64
6074	54
6075	54
6076	53
6077	58
6078	53
6079	60
6080	55
6081	59
6082	47
6083	51
6084	57
6085	55
6086	51
6087	53
6088	60
6089	56
6090	54
6091	67
6092	57
6093	55
6094	55
6095	54
6096	54
6097	57
6098	45
6099	46
6100	45
6101	51
6102	49
6103	51
6104	48
6105	48
6106	52
6107	68
6108	44
6109	56
6110	45
6111	63
6112	53
6113	54
6114	48
6115	49
6116	56
6117	59
6118	55
6119	44
6120	57
6121	56
6122	57
6123	47
6124	67
6125	61
6126	49
6127	50
6128	53
6129	50
6130	71
6131	51
6132	50
6133	53
6134	56
6135	62
6136	55
6137	59
6138	65
6139	66
6140	54
6141	44
6142	59
6143	51
6144	44
6145	62
6146	55
6147	54
6148	54
6149	49
6150	57
6151	53
6152	54
6153	50
6154	37
6155	49
6156	60
6157	58
6158	51
6159	48
6160	57
6161	50
6162	52
6163	42
6164	50
6165	52
6166	70
6167	69
6168	50
6169	63
6170	42
6171	54
6172	53
6173	55
6174	47
6175	61
6176	55
6177	49
6178	39
6179	65
6180	46
6181	45
6182	57
6183	54
6184	37
6185	69
6186	54
6187	63
6188	44
6189	61
6190	59
6191	38
6192	41
6193	57
6194	49
6195	47
6196	58
6197	53
6198	57
6199	54
6200	54
6201	55
6202	54
6203	52
6204	40
6205	52
6206	46
6207	60
6208	54
6209	55
6210	46
6211	59
6212	67
6213	56
6214	64
6215	40
6216	51
6217	59
6218	45
6219	55
6220	58
6221	48
6222	59
6223	50
6224	61
6225	52
6226	52
6227	52
6228	61
6229	51
6230	66
6231	60
6232	54
6233	63
6234	51
6235	56
6236	57
6237	58
6238	43
6239	43
6240	64
6241	58
6242	37
6243	46
6244	53
6245	59
6246	45
6247	57
6248	51
6249	57
6250	55
6251	37
6252	62
6253	58
6254	52
6255	38
6256	48
6257	47
6258	61
6259	51
6260	50
6261	63
6262	46
6263	43
6264	52
6265	55
6266	43
6267	64
6268	51
6269	49
6270	67
6271	55
6272	40
6273	69
6274	49
6275	52
6276	49
6277	61
6278	44
6279	71
6280	41
6281	53
6282	52
6283	54
6284	42
6285	75
6286	45
6287	43
6288	54
6289	45
6290	52
6291	50
6292	54
6293	61
6294	57
6295	56
6296	59
6297	62
6298	41
6299	59
6300	51
6301	59
6302	46
6303	59
6304	44
6305	49
6306	60
6307	50
6308	66
6309	55
6310	49
6311	54
6312	54
6313	55
6314	44
6315	48
6316	51
6317	45
6318	54
6319	44
6320	52
6321	62
6322	45
6323	73
6324	56
6325	43
6326	50
6327	56
6328	53
6329	59
6330	38
6331	52
6332	42
6333	56
6334	48
6335	53
6336	60
6337	50
6338	55
6339	51
6340	58
6341	51
6342	42
6343	47
6344	51
6345	47
6346	61
6347	48
6348	65
6349	51
6350	49
6351	56
6352	49
6353	43
6354	41
6355	52
6356	49
6357	51
6358	60
6359	53
6360	51
6361	67
6362	50
6363	57
6364	59
6365	45
6366	57
6367	53
6368	49
6369	47
6370	73
6371	67
6372	55
6373	48
6374	53
6375	46
6376	50
6377	50
6378	55
6379	53
6380	48
6381	48
6382	57
6383	50
6384	53
6385	57
6386	64
6387	65
6388	55
6389	57
6390	56
6391	46
6392	52
6393	48
6394	48
6395	50
6396	52
6397	48
6398	48
6399	64
6400	54
6401	61
6402	57
6403	48
6404	60
6405	59
6406	43
6407	48
6408	65
6409	47
6410	44
6411	49
6412	59
6413	58
6414	56
6415	42
6416	66
6417	46
6418	53
6419	56
6420	56
6421	58
6422	65
6423	52
6424	56
6425	56
6426	47
6427	49
6428	59
6429	47
6430	55
6431	57
6432	56
6433	53
6434	57
6435	62
6436	60
6437	59
6438	51
6439	48
6440	58
6441	61
6442	51
6443	65
6444	52
6445	55
6446	39
6447	59
6448	64
6449	48
6450	54
6451	50
6452	56
6453	42
6454	62
6455	49
6456	58
6457	58
6458	58
6459	61
6460	53
6461	61
6462	53
6463	45
6464	61
6465	40
6466	56
6467	61
6468	49
6469	63
6470	60
6471	51
6472	55
6473	52
6474	64
6475	52
6476	57
6477	58
6478	62
6479	52
6480	51
6481	55
6482	50
6483	49
6484	51
6485	56
6486	56
6487	64
6488	51
6489	48
6490	45
6491	48
6492	64
6493	49
6494	57
6495	52
6496	50
6497	66
6498	54
6499	57
6500	47
6501	48
6502	57
6503	43
6504	65
6505	43
6506	55
6507	56
6508	51
6509	48
6510	60
6511	44
6512	47
6513	55
6514	60
6515	54
6516	53
6517	68
6518	55
6519	59
6520	60
6521	42
6522	61
6523	58
6524	49
6525	45
6526	62
6527	58
6528	38
6529	49
6530	47
6531	56
6532	50
6533	56
6534	51
6535	50
6536	55
6537	58
6538	53
6539	45
6540	54
6541	52
6542	38
6543	50
6544	62
6545	49
6546	63
6547	61
6548	54
6549	58
6550	53
6551	58
6552	61
6553	59
6554	43
6555	44
6556	47
6557	46
6558	56
6559	45
6560	50
6561	56
6562	49
6563	62
6564	55
6565	57
6566	50
6567	57
6568	62
6569	59
6570	62
6571	44
6572	59
6573	56
6574	55
6575	61
6576	53
6577	55
6578	54
6579	49
6580	44
6581	42
6582	57
6583	53
6584	59
6585	48
6586	64
6587	59
6588	68
6589	58
6590	63
6591	67
6592	41
6593	51
6594	46
6595	44
6596	53
6597	50
6598	42
6599	49
6600	55
6601	54
6602	53
6603	47
6604	54
6605	55
6606	68
6607	59
6608	40
6609	52
6610	48
6611	59
6612	39
6613	59
6614	57
6615	48
6616	50
6617	57
6618	58
6619	39
6620	51
6621	55
6622	58
6623	56
6624	45
6625	57
6626	56
6627	40
6628	50
6629	53
6630	42
6631	57
6632	51
6633	57
6634	39
6635	58
6636	54
6637	53
6638	44
6639	41
6640	55
6641	55
6642	48
6643	41
6644	56
6645	60
6646	54
6647	53
6648	62
6649	51
6650	46
6651	61
6652	60
6653	45
6654	54
6655	37
6656	58
6657	57
6658	57
6659	56
6660	52
6661	55
6662	47
6663	51
6664	65
6665	62
6666	56
6667	60
6668	59
6669	51
6670	66
6671	59
6672	58
6673	56
6674	36
6675	53
6676	57
6677	57
6678	47
6679	59
6680	47
6681	57
6682	61
6683	57
6684	61
6685	43
6686	53
6687	55
6688	55
6689	51
6690	49
6691	55
6692	46
6693	67
6694	61
6695	57
6696	44
6697	53
6698	54
6699	57
6700	51
6701	46
6702	54
6703	48
6704	46
6705	47
6706	54
6707	54
6708	55
6709	41
6710	57
6711	55
6712	71
6713	48
6714	45
6715	52
6716	45
6717	63
6718	56
6719	43
6720	65
6721	55
6722	56
6723	59
6724	50
6725	58
6726	51
6727	53
6728	57
6729	63
6730	54
6731	57
6732	45
6733	47
6734	50
6735	59
6736	58
6737	52
6738	67
6739	49
6740	55
6741	53
6742	55
6743	55
6744	44
6745	50
6746	58
6747	54
6748	68
6749	58
6750	54
6751	46
6752	51
6753	57
6754	49
6755	60
6756	45
6757	46
6758	56
6759	53
6760	52
6761	51
6762	59
6763	45
6764	46
6765	50
6766	58
6767	47
6768	61
6769	52
6770	42
6771	55
6772	57
6773	46
6774	53
6775	42
6776	55
6777	45
6778	54
6779	47
6780	54
6781	40
6782	60
6783	48
6784	41
6785	51
6786	50
6787	49
6788	43
6789	56
6790	46
6791	70
6792	54
6793	58
6794	59
6795	52
6796	54
6797	46
6798	70
6799	52
6800	47
6801	61
6802	49
6803	54
6804	44
6805	50
6806	49
6807	51
6808	45
6809	55
6810	55
6811	54
6812	47
6813	54
6814	47
6815	47
6816	50
6817	53
6818	55
6819	52
6820	54
6821	46
6822	43
6823	53
6824	57
6825	46
6826	51
6827	47
6828	62
6829	66
6830	56
6831	53
6832	59
6833	72
6834	59
6835	61
6836	50
6837	63
6838	59
6839	57
6840	57
6841	53
6842	58
6843	53
6844	45
6845	52
6846	58
6847	38
6848	48
6849	55
6850	55
6851	60
6852	57
6853	56
6854	60
6855	49
6856	50
6857	63
6858	52
6859	56
6860	59
6861	55
6862	55
6863	55
6864	67
6865	50
6866	55
6867	62
6868	63
6869	55
6870	46
6871	51
6872	54
6873	42
6874	51
6875	49
6876	53
6877	52
6878	54
6879	46
6880	46
6881	53
6882	48
6883	49
6884	58
6885	57
6886	47
6887	50
6888	45
6889	62
6890	65
6891	40
6892	55
6893	52
6894	44
6895	54
6896	45
6897	46
6898	37
6899	63
6900	45
6901	50
6902	49
6903	46
6904	51
6905	51
6906	53
6907	46
6908	42
6909	68
6910	52
6911	57
6912	39
6913	42
6914	57
6915	46
6916	46
6917	65
6918	46
6919	50
6920	56
6921	48
6922	71
6923	64
6924	45
6925	54
6926	41
6927	52
6928	61
6929	68
6930	52
6931	41
6932	58
6933	52
6934	68
6935	58
6936	53
6937	58
6938	56
6939	43
6940	55
6941	70
6942	56
6943	54
6944	60
6945	56
6946	67
6947	54
6948	54
6949	64
6950	55
6951	45
6952	52
6953	60
6954	47
6955	64
6956	36
6957	43
6958	43
6959	49
6960	58
6961	69
6962	55
6963	52
6964	43
6965	54
6966	60
6967	54
6968	42
6969	86
6970	51
6971	54
6972	45
6973	47
6974	68
6975	54
6976	53
6977	43
6978	53
6979	56
6980	55
6981	43
6982	69
6983	52
6984	51
6985	44
6986	65
6987	55
6988	49
6989	44
6990	57
6991	51
6992	53
6993	72
6994	47
6995	44
6996	54
6997	54
6998	53
6999	43
7000	62
7001	45
7002	42
7003	57
7004	48
7005	57
7006	47
7007	66
7008	62
7009	44
7010	58
7011	55
7012	43
7013	43
7014	52
7015	46
7016	57
7017	58
7018	51
7019	46
7020	67
7021	61
7022	59
7023	59
7024	49
7025	50
7026	55
7027	59
7028	48
7029	63
7030	49
7031	40
7032	46
7033	54
7034	56
7035	35
7036	48
7037	64
7038	43
7039	48
7040	52
7041	58
7042	58
7043	61
7044	59
7045	55
7046	43
7047	45
7048	50
7049	61
7050	55
7051	39
7052	49
7053	46
7054	56
7055	46
7056	47
7057	47
7058	60
7059	53
7060	65
7061	59
7062	56
7063	60
7064	65
7065	48
7066	55
7067	52
7068	52
7069	57
7070	61
7071	45
7072	60
7073	41
7074	59
7075	70
7076	61
7077	44
7078	48
7079	60
7080	64
7081	50
7082	60
7083	44
7084	62
7085	63
7086	53
7087	43
7088	48
7089	52
7090	48
7091	46
7092	62
7093	53
7094	50
7095	62
7096	62
7097	54
7098	67
7099	60
7100	46
7101	65
7102	48
7103	51
7104	49
7105	52
7106	38
7107	55
7108	64
7109	58
7110	70
7111	68
7112	46
7113	57
7114	39
7115	56
7116	66
7117	36
7118	48
7119	52
7120	47
7121	55
7122	50
7123	59
7124	52
7125	59
7126	43
7127	53
7128	69
7129	53
7130	60
7131	44
7132	62
7133	53
7134	47
7135	47
7136	51
7137	74
7138	59
7139	51
7140	50
7141	43
7142	57
7143	55
7144	55
7145	56
7146	55
7147	43
7148	57
7149	57
7150	45
7151	54
7152	45
7153	63
7154	57
7155	41
7156	52
7157	48
7158	54
7159	50
7160	45
7161	55
7162	66
7163	48
7164	51
7165	64
7166	42
7167	67
7168	47
7169	49
7170	58
7171	44
7172	39
7173	47
7174	47
7175	51
7176	48
7177	52
7178	44
7179	54
7180	51
7181	53
7182	48
7183	54
7184	64
7185	56
7186	61
7187	59
7188	52
7189	50
7190	52
7191	55
7192	62
7193	53
7194	57
7195	45
7196	48
7197	52
7198	44
7199	55
7200	45
7201	53
7202	65
7203	55
7204	43
7205	54
7206	42
7207	52
7208	57
7209	56
7210	58
7211	55
7212	51
7213	68
7214	58
7215	54
7216	58
7217	65
7218	47
7219	55
7220	55
7221	63
7222	56
7223	56
7224	62
7225	56
7226	50
7227	53
7228	62
7229	65
7230	61
7231	43
7232	41
7233	58
7234	49
7235	57
7236	47
7237	64
7238	52
7239	50
7240	64
7241	69
7242	61
7243	53
7244	48
7245	59
7246	63
7247	48
7248	50
7249	63
7250	62
7251	46
7252	73
7253	59
7254	52
7255	59
7256	41
7257	47
7258	57
7259	43
7260	46
7261	67
7262	58
7263	45
7264	50
7265	64
7266	42
7267	51
7268	45
7269	55
7270	63
7271	40
7272	50
7273	49
7274	49
7275	64
7276	49
7277	41
7278	51
7279	60
7280	65
7281	63
7282	56
7283	60
7284	58
7285	56
7286	60
7287	57
7288	51
7289	58
7290	50
7291	55
7292	64
7293	58
7294	55
7295	54
7296	66
7297	44
7298	55
7299	51
7300	56
7301	53
7302	55
7303	72
7304	53
7305	48
7306	70
7307	58
7308	65
7309	44
7310	51
7311	56
7312	52
7313	35
7314	49
7315	51
7316	53
7317	46
7318	57
7319	62
7320	54
7321	60
7322	47
7323	45
7324	51
7325	57
7326	46
7327	54
7328	51
7329	57
7330	54
7331	52
7332	52
7333	57
7334	57
7335	55
7336	50
7337	55
7338	47
7339	59
7340	48
7341	37
7342	58
7343	42
7344	52
7345	59
7346	54
7347	49
7348	58
7349	61
7350	50
7351	51
7352	70
7353	52
7354	60
7355	49
7356	62
7357	70
7358	60
7359	65
7360	60
7361	63
7362	62
7363	67
7364	45
7365	52
7366	58
7367	58
7368	47
7369	48
7370	57
7371	48
7372	52
7373	54
7374	46
7375	50
7376	40
7377	55
7378	46
7379	82
7380	50
7381	59
7382	55
7383	55
7384	62
7385	49
7386	47
7387	47
7388	59
7389	62
7390	46
7391	57
7392	57
7393	53
7394	48
7395	53
7396	50
7397	44
7398	44
7399	65
7400	46
7401	78
7402	47
7403	45
7404	46
7405	60
7406	53
7407	51
7408	45
7409	54
7410	40
7411	50
7412	54
7413	59
7414	62
7415	60
7416	35
7417	47
7418	50
7419	65
7420	56
7421	46
7422	55
7423	53
7424	54
7425	54
7426	54
7427	64
7428	56
7429	50
7430	55
7431	45
7432	58
7433	49
7434	50
7435	55
7436	51
7437	49
7438	49
7439	52
7440	59
7441	51
7442	50
7443	45
7444	58
7445	58
7446	48
7447	56
7448	55
7449	60
7450	55
7451	56
7452	48
7453	50
7454	44
7455	52
7456	60
7457	67
7458	50
7459	55
7460	45
7461	44
7462	53
7463	51
7464	56
7465	61
7466	48
7467	30
7468	46
7469	47
7470	58
7471	40
7472	57
7473	59
7474	51
7475	56
7476	36
7477	45
7478	59
7479	37
7480	52
7481	60
7482	46
7483	58
7484	43
7485	47
7486	37
7487	61
7488	52
7489	55
7490	49
7491	68
7492	43
7493	44
7494	44
7495	60
7496	50
7497	54
7498	52
7499	60
7500	51
7501	64
7502	48
7503	58
7504	63
7505	51
7506	73
7507	53
7508	43
7509	52
7510	53
7511	47
7512	55
7513	54
7514	50
7515	52
7516	57
7517	63
7518	55
7519	50
7520	55
7521	57
7522	43
7523	41
7524	54
7525	53
7526	56
7527	48
7528	45
7529	55
7530	60
7531	49
7532	48
7533	58
7534	42
7535	53
7536	43
7537	47
7538	54
7539	54
7540	51
7541	54
7542	62
7543	52
7544	63
7545	53
7546	65
7547	53
7548	48
7549	55
7550	41
7551	52
7552	47
7553	57
7554	53
7555	40
7556	54
7557	47
7558	55
7559	49
7560	63
7561	55
7562	65
7563	65
7564	47
7565	46
7566	46
7567	59
7568	62
7569	54
7570	42
7571	71
7572	53
7573	51
7574	51
7575	39
7576	55
7577	46
7578	68
7579	71
7580	61
7581	52
7582	58
7583	63
7584	64
7585	52
7586	48
7587	44
7588	56
7589	47
7590	57
7591	49
7592	53
7593	53
7594	46
7595	48
7596	41
7597	59
7598	50
7599	55
7600	64
7601	48
7602	49
7603	49
7604	48
7605	49
7606	52
7607	42
7608	58
7609	60
7610	63
7611	57
7612	58
7613	64
7614	45
7615	60
7616	50
7617	53
7618	52
7619	58
7620	55
7621	50
7622	52
7623	52
7624	63
7625	56
7626	58
7627	57
7628	46
7629	59
7630	65
7631	54
7632	54
7633	46
7634	59
7635	56
7636	55
7637	54
7638	52
7639	51
7640	52
7641	57
7642	47
7643	59
7644	44
7645	49
7646	43
7647	56
7648	49
7649	57
7650	56
7651	72
7652	53
7653	59
7654	46
7655	49
7656	59
7657	67
7658	55
7659	42
7660	49
7661	48
7662	39
7663	66
7664	49
7665	62
7666	59
7667	50
7668	45
7669	48
7670	44
7671	59
7672	69
7673	47
7674	51
7675	53
7676	48
7677	40
7678	56
7679	54
7680	69
7681	61
7682	41
7683	59
7684	51
7685	44
7686	63
7687	47
7688	46
7689	47
7690	53
7691	67
7692	46
7693	38
7694	59
7695	58
7696	48
7697	52
7698	43
7699	52
7700	49
7701	61
7702	57
7703	44
7704	41
7705	57
7706	64
7707	59
7708	61
7709	50
7710	56
7711	58
7712	42
7713	44
7714	47
7715	61
7716	43
7717	55
7718	56
7719	52
7720	58
7721	66
7722	55
7723	62
7724	46
7725	55
7726	46
7727	46
7728	53
7729	56
7730	45
7731	59
7732	50
7733	54
7734	51
7735	63
7736	54
7737	45
7738	48
7739	61
7740	45
7741	56
7742	41
7743	51
7744	49
7745	48
7746	61
7747	55
7748	51
7749	59
7750	49
7751	53
7752	59
7753	58
7754	54
7755	48
7756	67
7757	44
7758	56
7759	56
7760	49
7761	52
7762	41
7763	47
7764	52
7765	48
7766	49
7767	45
7768	43
7769	46
7770	45
7771	48
7772	53
7773	54
7774	54
7775	71
7776	55
7777	58
7778	53
7779	57
7780	61
7781	70
7782	47
7783	69
7784	42
7785	58
7786	58
7787	45
7788	59
7789	52
7790	50
7791	51
7792	49
7793	52
7794	44
7795	47
7796	53
7797	45
7798	47
7799	57
7800	46
7801	67
7802	52
7803	48
7804	47
7805	50
7806	49
7807	54
7808	55
7809	58
7810	57
7811	41
7812	55
7813	57
7814	59
7815	52
7816	53
7817	57
7818	58
7819	51
7820	53
7821	51
7822	54
7823	50
7824	57
7825	56
7826	51
7827	60
7828	59
7829	52
7830	48
7831	53
7832	66
7833	49
7834	56
7835	46
7836	42
7837	57
7838	53
7839	56
7840	48
7841	58
7842	56
7843	65
7844	43
7845	51
7846	64
7847	53
7848	55
7849	62
7850	50
7851	58
7852	49
7853	53
7854	60
7855	51
7856	57
7857	49
7858	45
7859	43
7860	49
7861	65
7862	53
7863	54
7864	48
7865	57
7866	47
7867	45
7868	55
7869	48
7870	58
7871	52
7872	53
7873	54
7874	49
7875	58
7876	55
7877	43
7878	52
7879	65
7880	52
7881	63
7882	54
7883	50
7884	50
7885	47
7886	60
7887	52
7888	48
7889	52
7890	57
7891	55
7892	51
7893	58
7894	52
7895	54
7896	59
7897	55
7898	57
7899	47
7900	65
7901	43
7902	51
7903	41
7904	48
7905	61
7906	66
7907	55
7908	51
7909	48
7910	43
7911	49
7912	61
7913	32
7914	48
7915	48
7916	56
7917	67
7918	41
7919	68
7920	54
7921	57
7922	57
7923	42
7924	63
7925	47
7926	45
7927	56
7928	37
7929	63
7930	58
7931	57
7932	52
7933	45
7934	53
7935	45
7936	68
7937	48
7938	42
7939	65
7940	60
7941	56
7942	58
7943	66
7944	51
7945	44
7946	62
7947	53
7948	50
7949	53
7950	58
7951	56
7952	50
7953	50
7954	58
7955	42
7956	70
7957	44
7958	56
7959	53
7960	56
7961	37
7962	47
7963	43
7964	47
7965	58
7966	53
7967	45
7968	62
7969	45
7970	54
7971	42
7972	46
7973	47
7974	44
7975	46
7976	53
7977	60
7978	48
7979	45
7980	52
7981	52
7982	65
7983	63
7984	49
7985	55
7986	48
7987	48
7988	54
7989	59
7990	59
7991	47
7992	52
7993	62
7994	51
7995	56
7996	59
7997	51
7998	62
7999	59
8000	68
8001	50
8002	51
8003	63
8004	48
8005	45
8006	46
8007	55
8008	41
8009	44
8010	63
8011	44
8012	59
8013	50
8014	59
8015	45
8016	52
8017	46
8018	49
8019	53
8020	57
8021	48
8022	55
8023	43
8024	58
8025	47
8026	40
8027	59
8028	49
8029	49
8030	53
8031	45
8032	53
8033	70
8034	55
8035	57
8036	55
8037	49
8038	75
8039	51
8040	43
8041	53
8042	50
8043	48
8044	49
8045	50
8046	56
8047	57
8048	67
8049	51
8050	50
8051	58
8052	53
8053	58
8054	64
8055	58
8056	50
8057	52
8058	36
8059	58
8060	57
8061	55
8062	49
8063	47
8064	54
8065	54
8066	50
8067	60
8068	71
8069	48
8070	46
8071	50
8072	61
8073	59
8074	42
8075	53
8076	45
8077	51
8078	66
8079	53
8080	64
8081	56
8082	52
8083	51
8084	39
8085	48
8086	51
8087	67
8088	45
8089	43
8090	52
8091	53
8092	52
8093	46
8094	49
8095	62
8096	59
8097	59
8098	49
8099	59
8100	53
8101	53
8102	47
8103	58
8104	60
8105	48
8106	62
8107	50
8108	60
8109	63
8110	66
8111	48
8112	56
8113	46
8114	52
8115	69
8116	59
8117	50
8118	59
8119	67
8120	44
8121	61
8122	61
8123	50
8124	54
8125	49
8126	49
8127	47
8128	65
8129	48
8130	40
8131	49
8132	60
8133	62
8134	56
8135	54
8136	56
8137	47
8138	51
8139	56
8140	54
8141	52
8142	61
8143	61
8144	63
8145	55
8146	46
8147	60
8148	63
8149	37
8150	56
8151	62
8152	56
8153	59
8154	44
8155	59
8156	58
8157	44
8158	64
8159	63
8160	54
8161	53
8162	54
8163	56
8164	55
8165	42
8166	48
8167	66
8168	45
8169	54
8170	54
8171	45
8172	49
8173	44
8174	64
8175	64
8176	55
8177	49
8178	48
8179	52
8180	56
8181	52
8182	54
8183	42
8184	55
8185	58
8186	60
8187	47
8188	40
8189	59
8190	68
8191	49
8192	53
8193	45
8194	43
8195	48
8196	50
8197	51
8198	65
8199	44
8200	54
8201	46
8202	50
8203	48
8204	46
8205	66
8206	53
8207	48
8208	47
8209	57
8210	53
8211	40
8212	45
8213	53
8214	55
8215	42
8216	56
8217	41
8218	61
8219	54
8220	55
8221	62
8222	59
8223	56
8224	46
8225	49
8226	65
8227	50
8228	53
8229	45
8230	43
8231	43
8232	60
8233	42
8234	57
8235	48
8236	41
8237	44
8238	52
8239	55
8240	58
8241	53
8242	47
8243	57
8244	62
8245	59
8246	50
8247	44
8248	53
8249	54
8250	60
8251	50
8252	46
8253	49
8254	38
8255	55
8256	49
8257	49
8258	65
8259	55
8260	54
8261	49
8262	73
8263	54
8264	52
8265	55
8266	56
8267	49
8268	54
8269	60
8270	56
8271	50
8272	54
8273	43
8274	51
8275	53
8276	49
8277	40
8278	53
8279	51
8280	53
8281	57
8282	55
8283	52
8284	63
8285	42
8286	62
8287	55
8288	67
8289	50
8290	61
8291	52
8292	57
8293	52
8294	62
8295	54
8296	63
8297	56
8298	61
8299	51
8300	50
8301	48
8302	55
8303	55
8304	63
8305	59
8306	51
8307	57
8308	53
8309	39
8310	48
8311	59
8312	49
8313	55
8314	58
8315	52
8316	47
8317	47
8318	39
8319	61
8320	55
8321	54
8322	54
8323	61
8324	59
8325	50
8326	47
8327	43
8328	49
8329	56
8330	57
8331	56
8332	61
8333	51
8334	60
8335	67
8336	51
8337	61
8338	57
8339	56
8340	44
8341	64
8342	63
8343	54
8344	40
8345	57
8346	67
8347	55
8348	46
8349	47
8350	51
8351	45
8352	44
8353	46
8354	54
8355	58
8356	57
8357	54
8358	55
8359	74
8360	50
8361	50
8362	58
8363	48
8364	38
8365	55
8366	56
8367	54
8368	42
8369	54
8370	56
8371	56
8372	43
8373	62
8374	49
8375	65
8376	48
8377	64
8378	56
8379	50
8380	56
8381	54
8382	59
8383	47
8384	49
8385	61
8386	59
8387	72
8388	55
8389	50
8390	61
8391	58
8392	61
8393	51
8394	46
8395	50
8396	41
8397	53
8398	59
8399	47
8400	46
8401	55
8402	47
8403	51
8404	51
8405	69
8406	54
8407	74
8408	41
8409	54
8410	66
8411	62
8412	53
8413	41
8414	54
8415	55
8416	37
8417	51
8418	55
8419	48
8420	50
8421	62
8422	48
8423	51
8424	63
8425	62
8426	57
8427	49
8428	51
8429	58
8430	55
8431	60
8432	59
8433	56
8434	63
8435	46
8436	38
8437	43
8438	54
8439	60
8440	46
8441	46
8442	50
8443	51
8444	45
8445	61
8446	65
8447	66
8448	40
8449	57
8450	58
8451	48
8452	53
8453	49
8454	72
8455	41
8456	52
8457	59
8458	54
8459	49
8460	40
8461	57
8462	44
8463	49
8464	53
8465	62
8466	63
8467	52
8468	50
8469	55
8470	53
8471	52
8472	49
8473	58
8474	65
8475	58
8476	64
8477	51
8478	59
8479	46
8480	56
8481	52
8482	49
8483	43
8484	45
8485	51
8486	62
8487	47
8488	52
8489	56
8490	63
8491	45
8492	40
8493	59
8494	64
8495	54
8496	40
8497	57
8498	41
8499	62
8500	63
8501	46
8502	68
8503	66
8504	43
8505	57
8506	65
8507	55
8508	48
8509	52
8510	57
8511	65
8512	57
8513	53
8514	35
8515	52
8516	58
8517	48
8518	57
8519	49
8520	45
8521	52
8522	60
8523	55
8524	49
8525	69
8526	47
8527	62
8528	55
8529	46
8530	49
8531	61
8532	49
8533	47
8534	56
8535	56
8536	62
8537	59
8538	63
8539	62
8540	40
8541	56
8542	49
8543	50
8544	56
8545	55
8546	49
8547	61
8548	68
8549	55
8550	53
8551	47
8552	61
8553	52
8554	46
8555	46
8556	61
8557	51
8558	54
8559	46
8560	52
8561	54
8562	53
8563	51
8564	59
8565	51
8566	46
8567	59
8568	48
8569	52
8570	53
8571	58
8572	52
8573	51
8574	46
8575	57
8576	51
8577	56
8578	47
8579	57
8580	58
8581	46
8582	52
8583	51
8584	52
8585	56
8586	57
8587	47
8588	55
8589	53
8590	51
8591	61
8592	52
8593	50
8594	59
8595	39
8596	54
8597	55
8598	54
8599	52
8600	53
8601	57
8602	48
8603	57
8604	55
8605	57
8606	54
8607	45
8608	45
8609	56
8610	56
8611	43
8612	49
8613	54
8614	53
8615	47
8616	61
8617	56
8618	59
8619	53
8620	62
8621	41
8622	42
8623	67
8624	59
8625	56
8626	51
8627	68
8628	44
8629	63
8630	55
8631	58
8632	51
8633	38
8634	51
8635	52
8636	51
8637	52
8638	44
8639	62
8640	55
8641	72
8642	55
8643	62
8644	64
8645	53
8646	49
8647	61
8648	51
8649	42
8650	50
8651	46
8652	47
8653	53
8654	51
8655	45
8656	66
8657	62
8658	52
8659	67
8660	48
8661	57
8662	45
8663	66
8664	69
8665	46
8666	44
8667	46
8668	60
8669	54
8670	42
8671	47
8672	64
8673	58
8674	56
8675	58
8676	60
8677	47
8678	54
8679	52
8680	51
8681	63
8682	59
8683	51
8684	64
8685	55
8686	57
8687	61
8688	67
8689	55
8690	52
8691	57
8692	43
8693	48
8694	44
8695	56
8696	62
8697	56
8698	51
8699	47
8700	55
8701	47
8702	53
8703	43
8704	55
8705	59
8706	59
8707	58
8708	54
8709	57
8710	52
8711	52
8712	60
8713	61
8714	49
8715	53
8716	55
8717	51
8718	56
8719	63
8720	56
8721	55
8722	50
8723	56
8724	53
8725	58
8726	52
8727	51
8728	69
8729	47
8730	39
8731	43
8732	67
8733	47
8734	49
8735	61
8736	46
8737	57
8738	62
8739	57
8740	49
8741	59
8742	70
8743	49
8744	58
8745	57
8746	48
