0	33
1	49
2	51
3	67
4	53
5	54
6	58
7	55
8	50
9	51
10	37
11	56
12	54
13	47
14	56
15	49
16	48
17	38
18	54
19	49
20	52
21	52
22	42
23	58
24	51
25	43
26	47
27	46
28	52
29	42
30	77
31	55
32	50
33	45
34	64
35	46
36	47
37	50
38	50
39	44
40	57
41	37
42	58
43	61
44	54
45	53
46	63
47	48
48	42
49	49
50	63
51	58
52	49
53	56
54	51
55	46
56	52
57	48
58	45
59	55
60	52
61	60
62	59
63	62
64	56
65	39
66	53
67	49
68	52
69	52
70	47
71	57
72	51
73	50
74	57
75	60
76	53
77	48
78	59
79	35
80	59
81	55
82	70
83	70
84	44
85	39
86	64
87	56
88	56
89	53
90	47
91	58
92	40
93	49
94	62
95	50
96	40
97	39
98	55
99	46
100	50
101	42
102	64
103	59
104	52
105	56
106	56
107	61
108	40
109	40
110	59
111	45
112	56
113	34
114	63
115	60
116	53
117	42
118	58
119	37
120	56
121	47
122	52
123	53
124	43
125	37
126	63
127	49
128	44
129	34
130	63
131	78
132	56
133	46
134	64
135	50
136	47
137	41
138	40
139	56
140	45
141	57
142	62
143	59
144	48
145	56
146	46
147	64
148	49
149	49
150	59
151	60
152	51
153	71
154	56
155	64
156	52
157	51
158	53
159	43
160	53
161	46
162	71
163	52
164	59
165	47
166	68
167	49
168	41
169	63
170	63
171	53
172	56
173	47
174	67
175	49
176	63
177	47
178	55
179	65
180	40
181	52
182	76
183	46
184	49
185	47
186	54
187	43
188	52
189	56
190	71
191	35
192	62
193	48
194	61
195	68
196	67
197	49
198	90
199	45
200	58
201	76
202	63
203	60
204	58
205	50
206	68
207	47
208	44
209	52
210	56
211	77
212	62
213	57
214	57
215	64
216	57
217	64
218	60
219	68
220	58
221	65
222	75
223	58
224	60
225	59
226	74
227	60
228	59
229	45
230	78
231	59
232	74
233	63
234	55
235	71
236	46
237	53
238	70
239	54
240	62
241	51
242	61
243	68
244	58
245	52
246	64
247	59
248	61
249	59
250	65
251	59
252	62
253	44
254	67
255	60
256	48
257	61
258	71
259	49
260	74
261	43
262	78
263	73
264	56
265	68
266	74
267	63
268	62
269	37
270	78
271	65
272	53
273	61
274	90
275	65
276	69
277	52
278	75
279	53
280	54
281	51
282	59
283	59
284	49
285	57
286	84
287	77
288	44
289	52
290	68
291	75
292	51
293	57
294	74
295	55
296	58
297	51
298	66
299	76
300	69
301	54
302	74
303	51
304	46
305	67
306	80
307	83
308	68
309	52
310	73
311	56
312	62
313	72
314	85
315	66
316	66
317	56
318	80
319	62
320	52
321	46
322	79
323	70
324	51
325	64
326	72
327	61
328	59
329	62
330	70
331	61
332	45
333	53
334	66
335	66
336	49
337	45
338	63
339	67
340	74
341	61
342	74
343	70
344	65
345	59
346	63
347	69
348	41
349	56
350	87
351	62
352	61
353	49
354	60
355	91
356	64
357	53
358	94
359	59
360	55
361	62
362	68
363	65
364	55
365	71
366	72
367	57
368	55
369	64
370	84
371	77
372	76
373	60
374	70
375	69
376	60
377	63
378	51
379	66
380	53
381	58
382	71
383	55
384	79
385	78
386	80
387	85
388	81
389	80
390	92
391	91
392	88
393	77
394	68
395	101
396	80
397	74
398	96
399	73
400	64
401	70
402	71
403	70
404	77
405	71
406	78
407	97
408	66
409	105
410	73
411	86
412	64
413	80
414	105
415	85
416	72
417	82
418	82
419	92
420	61
421	66
422	73
423	75
424	74
425	87
426	65
427	73
428	79
429	66
430	85
431	80
432	63
433	74
434	90
435	88
436	72
437	65
438	78
439	68
440	72
441	88
442	70
443	79
444	72
445	68
446	88
447	81
448	66
449	93
450	109
451	122
452	95
453	81
454	106
455	73
456	81
457	84
458	84
459	86
460	67
461	80
462	124
463	87
464	79
465	91
466	104
467	108
468	100
469	84
470	76
471	91
472	73
473	82
474	72
475	98
476	74
477	81
478	88
479	87
480	83
481	84
482	99
483	114
484	72
485	89
486	87
487	92
488	77
489	90
490	73
491	98
492	65
493	85
494	74
495	92
496	87
497	90
498	95
499	83
500	70
501	67
502	77
503	66
504	80
505	69
506	68
507	85
508	67
509	70
510	90
511	87
512	55
513	76
514	80
515	86
516	86
517	77
518	84
519	88
520	69
521	89
522	83
523	82
524	65
525	78
526	83
527	84
528	59
529	58
530	82
531	85
532	70
533	86
534	79
535	76
536	59
537	79
538	82
539	62
540	75
541	70
542	88
543	76
544	50
545	70
546	66
547	72
548	60
549	80
550	78
551	75
552	69
553	76
554	77
555	80
556	74
557	74
558	77
559	75
560	66
561	83
562	75
563	80
564	76
565	101
566	70
567	64
568	77
569	90
570	64
571	73
572	56
573	79
574	75
575	73
576	58
577	76
578	79
579	93
580	59
581	66
582	89
583	80
584	66
585	93
586	68
587	81
588	68
589	73
590	77
591	84
592	77
593	91
594	81
595	93
596	62
597	81
598	86
599	83
600	71
601	81
602	65
603	95
604	70
605	74
606	88
607	82
608	90
609	102
610	75
611	83
612	57
613	78
614	98
615	101
616	86
617	80
618	73
619	83
620	63
621	74
622	91
623	74
624	65
625	69
626	73
627	83
628	76
629	87
630	77
631	87
632	70
633	86
634	69
635	76
636	66
637	84
638	88
639	80
640	42
641	75
642	74
643	80
644	65
645	66
646	77
647	66
648	73
649	70
650	80
651	82
652	62
653	72
654	73
655	68
656	63
657	76
658	75
659	104
660	62
661	87
662	95
663	72
664	74
665	73
666	68
667	87
668	52
669	86
670	83
671	75
672	73
673	71
674	68
675	85
676	63
677	84
678	66
679	60
680	78
681	88
682	65
683	68
684	55
685	69
686	72
687	86
688	61
689	64
690	71
691	72
692	71
693	71
694	72
695	84
696	71
697	84
698	59
699	69
700	67
701	67
702	65
703	68
704	44
705	51
706	58
707	78
708	48
709	61
710	67
711	75
712	63
713	55
714	67
715	75
716	60
717	68
718	69
719	58
720	50
721	70
722	63
723	70
724	49
725	53
726	58
727	63
728	67
729	63
730	70
731	59
732	52
733	61
734	82
735	62
736	55
737	52
738	61
739	90
740	63
741	64
742	64
743	78
744	54
745	57
746	54
747	55
748	52
749	40
750	54
751	61
752	53
753	64
754	85
755	73
756	67
757	63
758	62
759	68
760	67
761	62
762	70
763	73
764	52
765	53
766	69
767	65
768	57
769	82
770	68
771	75
772	77
773	90
774	74
775	72
776	76
777	90
778	77
779	73
780	74
781	89
782	73
783	63
784	68
785	94
786	69
787	71
788	83
789	55
790	88
791	96
792	71
793	95
794	77
795	72
796	74
797	86
798	64
799	78
800	73
801	84
802	72
803	79
804	73
805	66
806	83
807	89
808	75
809	89
810	62
811	82
812	70
813	73
814	82
815	71
816	60
817	103
818	77
819	98
820	76
821	69
822	90
823	86
824	64
825	91
826	59
827	78
828	73
829	88
830	69
831	57
832	71
833	91
834	91
835	76
836	66
837	100
838	54
839	80
840	70
841	94
842	60
843	85
844	66
845	89
846	72
847	64
848	74
849	84
850	78
851	100
852	85
853	80
854	84
855	91
856	75
857	90
858	77
859	80
860	64
861	107
862	74
863	83
864	70
865	80
866	76
867	79
868	64
869	94
870	79
871	81
872	77
873	88
874	73
875	101
876	84
877	101
878	64
879	86
880	61
881	91
882	80
883	111
884	78
885	82
886	75
887	77
888	76
889	98
890	63
891	79
892	70
893	95
894	71
895	84
896	52
897	86
898	69
899	83
900	66
901	58
902	67
903	83
904	58
905	84
906	57
907	81
908	68
909	82
910	70
911	80
912	62
913	78
914	72
915	104
916	67
917	76
918	76
919	77
920	63
921	74
922	69
923	82
924	56
925	71
926	68
927	75
928	62
929	93
930	54
931	77
932	50
933	78
934	65
935	64
936	63
937	80
938	59
939	66
940	81
941	72
942	61
943	67
944	50
945	78
946	68
947	85
948	54
949	70
950	70
951	81
952	68
953	75
954	66
955	69
956	62
957	57
958	68
959	68
960	60
961	61
962	59
963	78
964	58
965	54
966	68
967	54
968	54
969	76
970	50
971	67
972	58
973	62
974	63
975	60
976	46
977	65
978	50
979	68
980	52
981	53
982	65
983	69
984	60
985	60
986	61
987	58
988	48
989	62
990	62
991	63
992	50
993	76
994	69
995	71
996	68
997	70
998	55
999	59
1000	41
1001	72
1002	55
1003	65
1004	67
1005	51
1006	57
1007	71
1008	42
1009	66
1010	62
1011	65
1012	52
1013	57
1014	80
1015	66
1016	54
1017	57
1018	65
1019	67
1020	51
1021	51
1022	69
1023	44
1024	64
1025	96
1026	87
1027	74
1028	71
1029	84
1030	83
1031	103
1032	80
1033	103
1034	75
1035	86
1036	68
1037	89
1038	75
1039	82
1040	61
1041	85
1042	87
1043	102
1044	74
1045	82
1046	93
1047	83
1048	71
1049	111
1050	76
1051	93
1052	65
1053	95
1054	104
1055	87
1056	73
1057	89
1058	69
1059	92
1060	75
1061	91
1062	82
1063	87
1064	66
1065	111
1066	72
1067	99
1068	74
1069	88
1070	90
1071	74
1072	58
1073	103
1074	82
1075	88
1076	72
1077	87
1078	102
1079	93
1080	72
1081	104
1082	76
1083	88
1084	59
1085	103
1086	84
1087	92
1088	69
1089	99
1090	86
1091	98
1092	71
1093	98
1094	94
1095	82
1096	67
1097	108
1098	70
1099	77
1100	68
1101	84
1102	55
1103	90
1104	56
1105	88
1106	68
1107	101
1108	60
1109	66
1110	88
1111	70
1112	56
1113	84
1114	77
1115	90
1116	65
1117	110
1118	96
1119	95
1120	62
1121	96
1122	75
1123	111
1124	58
1125	84
1126	72
1127	88
1128	57
1129	108
1130	72
1131	89
1132	41
1133	94
1134	103
1135	91
1136	65
1137	98
1138	83
1139	87
1140	67
1141	80
1142	91
1143	61
1144	69
1145	107
1146	60
1147	87
1148	67
1149	90
1150	74
1151	75
1152	67
1153	121
1154	81
1155	92
1156	73
1157	81
1158	99
1159	101
1160	65
1161	99
1162	60
1163	83
1164	53
1165	103
1166	87
1167	85
1168	70
1169	87
1170	81
1171	95
1172	64
1173	77
1174	105
1175	86
1176	75
1177	106
1178	76
1179	80
1180	47
1181	94
1182	84
1183	77
1184	57
1185	95
1186	68
1187	94
1188	48
1189	95
1190	84
1191	89
1192	59
1193	103
1194	68
1195	86
1196	59
1197	74
1198	82
1199	87
1200	56
1201	112
1202	55
1203	95
1204	76
1205	90
1206	87
1207	86
1208	73
1209	77
1210	67
1211	79
1212	65
1213	86
1214	60
1215	97
1216	59
1217	93
1218	96
1219	77
1220	65
1221	80
1222	61
1223	90
1224	56
1225	92
1226	73
1227	90
1228	60
1229	81
1230	62
1231	77
1232	43
1233	87
1234	70
1235	97
1236	77
1237	75
1238	91
1239	102
1240	68
1241	109
1242	91
1243	79
1244	69
1245	98
1246	55
1247	79
1248	68
1249	117
1250	70
1251	107
1252	59
1253	80
1254	91
1255	104
1256	71
1257	102
1258	81
1259	91
1260	72
1261	71
1262	85
1263	94
1264	76
1265	110
1266	79
1267	103
1268	83
1269	82
1270	83
1271	78
1272	62
1273	93
1274	68
1275	80
1276	62
1277	90
1278	101
1279	110
1280	58
1281	82
1282	73
1283	75
1284	66
1285	76
1286	85
1287	73
1288	59
1289	109
1290	80
1291	73
1292	75
1293	82
1294	79
1295	95
1296	59
1297	86
1298	69
1299	80
1300	62
1301	87
1302	101
1303	73
1304	52
1305	78
1306	60
1307	74
1308	63
1309	96
1310	91
1311	81
1312	60
1313	75
1314	74
1315	103
1316	48
1317	71
1318	85
1319	87
1320	71
1321	77
1322	68
1323	85
1324	64
1325	73
1326	76
1327	82
1328	54
1329	79
1330	75
1331	98
1332	50
1333	75
1334	78
1335	79
1336	56
1337	95
1338	56
1339	72
1340	61
1341	79
1342	86
1343	81
1344	69
1345	80
1346	92
1347	82
1348	70
1349	76
1350	88
1351	82
1352	61
1353	98
1354	72
1355	86
1356	81
1357	77
1358	78
1359	82
1360	54
1361	96
1362	69
1363	92
1364	75
1365	94
1366	73
1367	99
1368	74
1369	94
1370	57
1371	97
1372	68
1373	93
1374	81
1375	78
1376	59
1377	85
1378	70
1379	81
1380	74
1381	81
1382	73
1383	84
1384	69
1385	87
1386	66
1387	81
1388	61
1389	85
1390	83
1391	84
1392	51
1393	87
1394	82
1395	95
1396	74
1397	79
1398	71
1399	88
1400	70
1401	99
1402	82
1403	77
1404	61
1405	83
1406	83
1407	73
1408	55
1409	53
1410	65
1411	73
1412	60
1413	66
1414	65
1415	73
1416	62
1417	83
1418	50
1419	69
1420	51
1421	77
1422	54
1423	64
1424	44
1425	78
1426	55
1427	55
1428	67
1429	56
1430	58
1431	73
1432	52
1433	57
1434	66
1435	46
1436	56
1437	78
1438	70
1439	51
1440	58
1441	83
1442	67
1443	68
1444	41
1445	57
1446	65
1447	65
1448	45
1449	67
1450	61
1451	75
1452	46
1453	77
1454	64
1455	75
1456	40
1457	83
1458	63
1459	85
1460	66
1461	65
1462	68
1463	55
1464	56
1465	67
1466	56
1467	59
1468	51
1469	73
1470	83
1471	55
1472	50
1473	72
1474	51
1475	48
1476	57
1477	69
1478	98
1479	64
1480	39
1481	77
1482	56
1483	69
1484	52
1485	80
1486	64
1487	53
1488	52
1489	62
1490	56
1491	74
1492	55
1493	53
1494	56
1495	58
1496	64
1497	78
1498	56
1499	67
1500	48
1501	69
1502	59
1503	67
1504	42
1505	55
1506	46
1507	89
1508	61
1509	63
1510	68
1511	60
1512	63
1513	64
1514	58
1515	66
1516	52
1517	79
1518	58
1519	48
1520	48
1521	62
1522	66
1523	63
1524	40
1525	42
1526	61
1527	54
1528	62
1529	45
1530	57
1531	62
1532	42
1533	65
1534	58
1535	57
1536	61
1537	95
1538	74
1539	81
1540	69
1541	70
1542	64
1543	58
1544	59
1545	85
1546	49
1547	62
1548	72
1549	72
1550	63
1551	70
1552	49
1553	96
1554	68
1555	91
1556	67
1557	70
1558	70
1559	75
1560	72
1561	101
1562	50
1563	59
1564	63
1565	82
1566	66
1567	85
1568	66
1569	94
1570	63
1571	95
1572	59
1573	62
1574	75
1575	61
1576	58
1577	80
1578	64
1579	81
1580	59
1581	77
1582	52
1583	71
1584	49
1585	90
1586	56
1587	81
1588	70
1589	76
1590	73
1591	64
1592	74
1593	83
1594	57
1595	72
1596	67
1597	79
1598	67
1599	79
1600	56
1601	85
1602	72
1603	106
1604	86
1605	82
1606	61
1607	90
1608	58
1609	93
1610	51
1611	102
1612	64
1613	90
1614	58
1615	57
1616	51
1617	96
1618	67
1619	88
1620	78
1621	73
1622	54
1623	88
1624	68
1625	89
1626	47
1627	94
1628	66
1629	89
1630	75
1631	88
1632	68
1633	94
1634	52
1635	88
1636	63
1637	78
1638	50
1639	76
1640	64
1641	107
1642	52
1643	59
1644	65
1645	86
1646	75
1647	70
1648	66
1649	94
1650	59
1651	82
1652	69
1653	68
1654	57
1655	63
1656	62
1657	82
1658	56
1659	68
1660	63
1661	90
1662	52
1663	95
1664	49
1665	92
1666	61
1667	94
1668	69
1669	81
1670	49
1671	69
1672	56
1673	104
1674	56
1675	87
1676	79
1677	91
1678	69
1679	96
1680	66
1681	95
1682	79
1683	108
1684	64
1685	69
1686	72
1687	102
1688	69
1689	97
1690	66
1691	85
1692	51
1693	98
1694	74
1695	78
1696	73
1697	94
1698	71
1699	88
1700	67
1701	65
1702	62
1703	81
1704	61
1705	101
1706	67
1707	83
1708	63
1709	83
1710	63
1711	72
1712	58
1713	117
1714	68
1715	93
1716	57
1717	76
1718	70
1719	78
1720	77
1721	93
1722	64
1723	79
1724	59
1725	86
1726	70
1727	70
1728	60
1729	98
1730	56
1731	88
1732	67
1733	89
1734	61
1735	90
1736	79
1737	93
1738	62
1739	76
1740	62
1741	88
1742	73
1743	67
1744	62
1745	111
1746	56
1747	82
1748	67
1749	81
1750	53
1751	68
1752	61
1753	93
1754	63
1755	78
1756	62
1757	99
1758	69
1759	70
1760	56
1761	90
1762	68
1763	97
1764	65
1765	97
1766	61
1767	101
1768	50
1769	84
1770	55
1771	76
1772	67
1773	92
1774	63
1775	71
1776	54
1777	93
1778	74
1779	96
1780	71
1781	83
1782	72
1783	64
1784	80
1785	97
1786	48
1787	83
1788	54
1789	77
1790	57
1791	88
1792	31
1793	62
1794	58
1795	94
1796	44
1797	71
1798	49
1799	65
1800	73
1801	69
1802	46
1803	85
1804	50
1805	78
1806	58
1807	74
1808	60
1809	90
1810	45
1811	68
1812	55
1813	76
1814	59
1815	79
1816	56
1817	70
1818	53
1819	58
1820	52
1821	66
1822	70
1823	71
1824	45
1825	96
1826	58
1827	68
1828	61
1829	72
1830	62
1831	67
1832	68
1833	64
1834	48
1835	68
1836	47
1837	81
1838	57
1839	70
1840	50
1841	72
1842	50
1843	73
1844	53
1845	83
1846	77
1847	73
1848	67
1849	79
1850	45
1851	76
1852	52
1853	85
1854	52
1855	69
1856	58
1857	77
1858	67
1859	95
1860	60
1861	63
1862	61
1863	70
1864	70
1865	89
1866	48
1867	77
1868	59
1869	62
1870	62
1871	59
1872	50
1873	64
1874	52
1875	69
1876	52
1877	52
1878	50
1879	66
1880	59
1881	89
1882	47
1883	68
1884	47
1885	75
1886	54
1887	60
1888	43
1889	82
1890	60
1891	77
1892	50
1893	64
1894	53
1895	65
1896	57
1897	82
1898	40
1899	85
1900	49
1901	83
1902	55
1903	56
1904	46
1905	75
1906	68
1907	73
1908	70
1909	61
1910	62
1911	55
1912	60
1913	87
1914	56
1915	70
1916	39
1917	59
1918	55
1919	63
1920	49
1921	58
1922	56
1923	68
1924	55
1925	54
1926	66
1927	59
1928	53
1929	61
1930	56
1931	64
1932	48
1933	52
1934	56
1935	56
1936	48
1937	52
1938	61
1939	69
1940	35
1941	47
1942	64
1943	61
1944	42
1945	66
1946	57
1947	61
1948	48
1949	55
1950	58
1951	69
1952	47
1953	51
1954	50
1955	52
1956	39
1957	45
1958	54
1959	46
1960	55
1961	45
1962	42
1963	55
1964	53
1965	46
1966	54
1967	57
1968	43
1969	64
1970	45
1971	85
1972	67
1973	54
1974	42
1975	55
1976	53
1977	59
1978	41
1979	62
1980	56
1981	54
1982	77
1983	51
1984	42
1985	57
1986	53
1987	65
1988	52
1989	43
1990	41
1991	54
1992	59
1993	47
1994	64
1995	67
1996	43
1997	41
1998	47
1999	49
2000	45
2001	47
2002	48
2003	56
2004	62
2005	42
2006	46
2007	56
2008	41
2009	54
2010	61
2011	57
2012	41
2013	57
2014	48
2015	55
2016	45
2017	58
2018	54
2019	61
2020	47
2021	41
2022	50
2023	53
2024	39
2025	63
2026	39
2027	53
2028	45
2029	48
2030	47
2031	41
2032	35
2033	46
2034	54
2035	66
2036	46
2037	50
2038	47
2039	56
2040	43
2041	65
2042	48
2043	49
2044	35
2045	54
2046	43
2047	46
2048	76
2049	88
2050	77
2051	93
2052	83
2053	87
2054	79
2055	96
2056	50
2057	87
2058	68
2059	65
2060	68
2061	66
2062	82
2063	79
2064	61
2065	89
2066	81
2067	76
2068	73
2069	86
2070	90
2071	92
2072	61
2073	103
2074	70
2075	81
2076	53
2077	81
2078	86
2079	90
2080	57
2081	97
2082	77
2083	74
2084	57
2085	80
2086	68
2087	65
2088	53
2089	101
2090	66
2091	82
2092	62
2093	79
2094	75
2095	90
2096	64
2097	77
2098	53
2099	82
2100	82
2101	81
2102	75
2103	80
2104	70
2105	97
2106	61
2107	85
2108	51
2109	88
2110	89
2111	83
2112	65
2113	79
2114	79
2115	99
2116	65
2117	81
2118	81
2119	79
2120	62
2121	78
2122	70
2123	85
2124	67
2125	103
2126	82
2127	80
2128	68
2129	98
2130	67
2131	55
2132	82
2133	76
2134	89
2135	85
2136	62
2137	99
2138	77
2139	94
2140	62
2141	97
2142	83
2143	96
2144	65
2145	93
2146	83
2147	92
2148	65
2149	84
2150	77
2151	82
2152	73
2153	101
2154	87
2155	99
2156	71
2157	85
2158	101
2159	95
2160	62
2161	94
2162	74
2163	108
2164	79
2165	81
2166	104
2167	60
2168	75
2169	91
2170	70
2171	74
2172	69
2173	86
2174	95
2175	80
2176	64
2177	93
2178	75
2179	81
2180	73
2181	101
2182	92
2183	86
2184	85
2185	91
2186	73
2187	94
2188	72
2189	88
2190	79
2191	82
2192	66
2193	90
2194	80
2195	77
2196	72
2197	87
2198	86
2199	90
2200	82
2201	100
2202	59
2203	84
2204	63
2205	96
2206	84
2207	86
2208	57
2209	103
2210	72
2211	81
2212	69
2213	73
2214	96
2215	66
2216	58
2217	121
2218	62
2219	81
2220	72
2221	105
2222	73
2223	96
2224	56
2225	92
2226	78
2227	94
2228	72
2229	73
2230	76
2231	72
2232	59
2233	90
2234	68
2235	76
2236	57
2237	84
2238	81
2239	76
2240	75
2241	115
2242	85
2243	83
2244	79
2245	82
2246	86
2247	86
2248	83
2249	99
2250	78
2251	90
2252	77
2253	95
2254	89
2255	78
2256	66
2257	106
2258	74
2259	94
2260	80
2261	87
2262	91
2263	81
2264	73
2265	102
2266	78
2267	92
2268	72
2269	79
2270	88
2271	99
2272	68
2273	106
2274	83
2275	115
2276	82
2277	93
2278	94
2279	99
2280	76
2281	105
2282	93
2283	97
2284	70
2285	99
2286	79
2287	86
2288	63
2289	107
2290	79
2291	96
2292	76
2293	97
2294	82
2295	90
2296	69
2297	99
2298	68
2299	90
2300	63
2301	96
2302	95
2303	86
2304	72
2305	77
2306	80
2307	83
2308	94
2309	76
2310	79
2311	83
2312	67
2313	89
2314	82
2315	81
2316	57
2317	83
2318	86
2319	73
2320	62
2321	90
2322	70
2323	94
2324	62
2325	88
2326	82
2327	74
2328	68
2329	97
2330	73
2331	76
2332	55
2333	81
2334	81
2335	95
2336	57
2337	77
2338	74
2339	69
2340	60
2341	80
2342	77
2343	99
2344	78
2345	93
2346	77
2347	70
2348	65
2349	61
2350	77
2351	85
2352	57
2353	87
2354	87
2355	81
2356	74
2357	81
2358	79
2359	84
2360	80
2361	78
2362	46
2363	68
2364	67
2365	86
2366	84
2367	80
2368	57
2369	85
2370	81
2371	95
2372	73
2373	75
2374	81
2375	87
2376	70
2377	82
2378	75
2379	72
2380	62
2381	96
2382	79
2383	79
2384	51
2385	103
2386	75
2387	85
2388	70
2389	52
2390	80
2391	85
2392	72
2393	86
2394	60
2395	71
2396	63
2397	81
2398	108
2399	80
2400	65
2401	99
2402	76
2403	86
2404	78
2405	81
2406	67
2407	83
2408	64
2409	96
2410	83
2411	89
2412	64
2413	72
2414	70
2415	79
2416	59
2417	81
2418	58
2419	93
2420	94
2421	91
2422	86
2423	68
2424	59
2425	90
2426	59
2427	68
2428	60
2429	76
2430	84
2431	87
2432	59
2433	76
2434	74
2435	75
2436	74
2437	71
2438	87
2439	76
2440	73
2441	75
2442	73
2443	69
2444	66
2445	81
2446	64
2447	70
2448	56
2449	86
2450	74
2451	86
2452	68
2453	80
2454	82
2455	92
2456	73
2457	85
2458	67
2459	73
2460	60
2461	77
2462	88
2463	82
2464	57
2465	86
2466	76
2467	83
2468	69
2469	52
2470	80
2471	72
2472	49
2473	104
2474	68
2475	86
2476	74
2477	102
2478	77
2479	87
2480	52
2481	98
2482	66
2483	83
2484	76
2485	79
2486	91
2487	81
2488	59
2489	75
2490	60
2491	71
2492	70
2493	79
2494	94
2495	95
2496	56
2497	82
2498	84
2499	81
2500	71
2501	92
2502	81
2503	68
2504	63
2505	112
2506	78
2507	100
2508	61
2509	71
2510	88
2511	74
2512	50
2513	103
2514	70
2515	82
2516	74
2517	60
2518	78
2519	80
2520	55
2521	75
2522	66
2523	72
2524	66
2525	82
2526	79
2527	78
2528	68
2529	82
2530	65
2531	75
2532	65
2533	81
2534	81
2535	73
2536	54
2537	83
2538	65
2539	79
2540	62
2541	73
2542	74
2543	78
2544	58
2545	66
2546	55
2547	70
2548	68
2549	70
2550	81
2551	77
2552	50
2553	85
2554	52
2555	70
2556	58
2557	92
2558	61
2559	86
2560	73
2561	81
2562	74
2563	78
2564	61
2565	72
2566	87
2567	79
2568	58
2569	100
2570	70
2571	71
2572	63
2573	78
2574	84
2575	53
2576	50
2577	78
2578	71
2579	66
2580	57
2581	79
2582	56
2583	71
2584	69
2585	82
2586	66
2587	69
2588	47
2589	74
2590	85
2591	81
2592	56
2593	82
2594	70
2595	75
2596	62
2597	65
2598	69
2599	63
2600	71
2601	91
2602	47
2603	76
2604	60
2605	70
2606	75
2607	62
2608	59
2609	75
2610	59
2611	74
2612	62
2613	72
2614	67
2615	64
2616	53
2617	95
2618	53
2619	69
2620	54
2621	79
2622	73
2623	80
2624	58
2625	86
2626	56
2627	78
2628	56
2629	82
2630	66
2631	69
2632	78
2633	92
2634	56
2635	64
2636	70
2637	78
2638	74
2639	59
2640	58
2641	73
2642	54
2643	89
2644	54
2645	49
2646	68
2647	71
2648	62
2649	87
2650	61
2651	74
2652	60
2653	73
2654	58
2655	80
2656	67
2657	77
2658	65
2659	59
2660	54
2661	75
2662	77
2663	58
2664	47
2665	71
2666	64
2667	67
2668	63
2669	81
2670	64
2671	65
2672	58
2673	81
2674	49
2675	66
2676	68
2677	73
2678	71
2679	55
2680	63
2681	77
2682	64
2683	61
2684	63
2685	78
2686	67
2687	62
2688	44
2689	92
2690	53
2691	75
2692	52
2693	57
2694	70
2695	84
2696	59
2697	90
2698	68
2699	74
2700	67
2701	81
2702	71
2703	71
2704	49
2705	90
2706	76
2707	67
2708	58
2709	58
2710	62
2711	79
2712	53
2713	69
2714	60
2715	74
2716	51
2717	77
2718	82
2719	75
2720	65
2721	79
2722	52
2723	79
2724	48
2725	61
2726	68
2727	72
2728	50
2729	76
2730	46
2731	69
2732	63
2733	73
2734	51
2735	64
2736	47
2737	76
2738	82
2739	74
2740	62
2741	78
2742	83
2743	63
2744	69
2745	75
2746	46
2747	62
2748	48
2749	80
2750	70
2751	67
2752	56
2753	76
2754	61
2755	67
2756	60
2757	90
2758	65
2759	87
2760	57
2761	82
2762	70
2763	82
2764	64
2765	70
2766	80
2767	84
2768	47
2769	72
2770	58
2771	76
2772	59
2773	82
2774	64
2775	78
2776	63
2777	79
2778	55
2779	68
2780	62
2781	84
2782	72
2783	75
2784	60
2785	83
2786	60
2787	84
2788	57
2789	85
2790	62
2791	80
2792	56
2793	99
2794	62
2795	64
2796	58
2797	83
2798	74
2799	70
2800	56
2801	99
2802	73
2803	80
2804	58
2805	99
2806	78
2807	72
2808	88
2809	97
2810	59
2811	50
2812	65
2813	74
2814	63
2815	72
2816	38
2817	50
2818	44
2819	61
2820	60
2821	57
2822	45
2823	58
2824	55
2825	57
2826	40
2827	54
2828	41
2829	58
2830	49
2831	54
2832	41
2833	66
2834	43
2835	52
2836	54
2837	38
2838	63
2839	57
2840	40
2841	39
2842	50
2843	59
2844	39
2845	43
2846	48
2847	56
2848	51
2849	52
2850	45
2851	64
2852	39
2853	48
2854	64
2855	70
2856	39
2857	67
2858	56
2859	49
2860	41
2861	46
2862	46
2863	48
2864	45
2865	46
2866	49
2867	70
2868	61
2869	53
2870	59
2871	51
2872	36
2873	71
2874	33
2875	48
2876	46
2877	70
2878	52
2879	52
2880	44
2881	56
2882	37
2883	46
2884	49
2885	48
2886	52
2887	53
2888	41
2889	61
2890	40
2891	54
2892	46
2893	56
2894	36
2895	52
2896	32
2897	55
2898	45
2899	61
2900	39
2901	39
2902	66
2903	47
2904	56
2905	53
2906	40
2907	53
2908	38
2909	71
2910	55
2911	49
2912	46
2913	53
2914	45
2915	47
2916	49
2917	47
2918	60
2919	49
2920	47
2921	66
2922	46
2923	52
2924	39
2925	60
2926	47
2927	52
2928	51
2929	63
2930	47
2931	58
2932	46
2933	59
2934	47
2935	58
2936	55
2937	48
2938	45
2939	61
2940	36
2941	61
2942	53
2943	51
2944	50
2945	53
2946	45
2947	64
2948	52
2949	51
2950	58
2951	58
2952	52
2953	53
2954	41
2955	44
2956	57
2957	55
2958	51
2959	50
2960	51
2961	58
2962	55
2963	59
2964	56
2965	48
2966	53
2967	47
2968	56
2969	59
2970	35
2971	45
2972	29
2973	56
2974	48
2975	49
2976	44
2977	50
2978	33
2979	62
2980	35
2981	47
2982	54
2983	61
2984	38
2985	60
2986	47
2987	60
2988	35
2989	58
2990	49
2991	52
2992	44
2993	59
2994	54
2995	59
2996	48
2997	54
2998	36
2999	52
3000	54
3001	68
3002	43
3003	36
3004	31
3005	58
3006	61
3007	56
3008	45
3009	57
3010	46
3011	45
3012	49
3013	44
3014	53
3015	49
3016	31
3017	63
3018	42
3019	64
3020	37
3021	44
3022	42
3023	37
3024	40
3025	59
3026	39
3027	51
3028	57
3029	32
3030	37
3031	42
3032	41
3033	57
3034	38
3035	45
3036	47
3037	58
3038	49
3039	51
3040	44
3041	43
3042	42
3043	50
3044	46
3045	55
3046	46
3047	47
3048	41
3049	63
3050	43
3051	57
3052	32
3053	47
3054	46
3055	46
3056	33
3057	63
3058	50
3059	53
3060	39
3061	37
3062	49
3063	44
3064	49
3065	47
3066	43
3067	43
3068	46
3069	51
3070	47
3071	52
3072	49
3073	62
3074	51
3075	67
3076	47
3077	50
3078	44
3079	51
3080	59
3081	75
3082	30
3083	67
3084	38
3085	60
3086	57
3087	52
3088	50
3089	53
3090	49
3091	64
3092	32
3093	54
3094	40
3095	53
3096	59
3097	61
3098	47
3099	55
3100	48
3101	57
3102	45
3103	41
3104	48
3105	53
3106	47
3107	68
3108	40
3109	43
3110	48
3111	60
3112	47
3113	64
3114	46
3115	54
3116	54
3117	55
3118	42
3119	48
3120	49
3121	60
3122	33
3123	54
3124	49
3125	62
3126	53
3127	48
3128	61
3129	62
3130	30
3131	49
3132	46
3133	43
3134	56
3135	66
3136	50
3137	69
3138	39
3139	55
3140	64
3141	67
3142	39
3143	49
3144	55
3145	58
3146	39
3147	64
3148	45
3149	48
3150	44
3151	43
3152	54
3153	60
3154	50
3155	63
3156	48
3157	46
3158	47
3159	51
3160	64
3161	62
3162	40
3163	45
3164	36
3165	45
3166	44
3167	54
3168	47
3169	62
3170	36
3171	59
3172	39
3173	50
3174	43
3175	59
3176	54
3177	72
3178	34
3179	51
3180	57
3181	55
3182	62
3183	42
3184	51
3185	76
3186	39
3187	55
3188	42
3189	61
3190	51
3191	58
3192	57
3193	68
3194	42
3195	60
3196	45
3197	60
3198	45
3199	60
3200	62
3201	59
3202	39
3203	55
3204	63
3205	46
3206	59
3207	60
3208	49
3209	71
3210	33
3211	52
3212	65
3213	60
3214	45
3215	56
3216	47
3217	66
3218	55
3219	66
3220	43
3221	52
3222	49
3223	61
3224	53
3225	54
3226	32
3227	54
3228	46
3229	54
3230	45
3231	59
3232	46
3233	62
3234	43
3235	52
3236	39
3237	34
3238	50
3239	70
3240	46
3241	65
3242	37
3243	63
3244	54
3245	65
3246	36
3247	41
3248	53
3249	62
3250	47
3251	59
3252	54
3253	49
3254	55
3255	50
3256	61
3257	72
3258	39
3259	46
3260	56
3261	56
3262	46
3263	46
3264	63
3265	67
3266	42
3267	60
3268	59
3269	52
3270	38
3271	58
3272	58
3273	68
3274	42
3275	59
3276	55
3277	60
3278	45
3279	58
3280	65
3281	61
3282	38
3283	62
3284	55
3285	61
3286	41
3287	60
3288	61
3289	73
3290	36
3291	56
3292	42
3293	70
3294	53
3295	60
3296	48
3297	75
3298	46
3299	51
3300	70
3301	59
3302	48
3303	60
3304	60
3305	72
3306	40
3307	62
3308	48
3309	49
3310	45
3311	57
3312	62
3313	65
3314	47
3315	67
3316	52
3317	48
3318	35
3319	47
3320	67
3321	76
3322	34
3323	47
3324	52
3325	66
3326	43
3327	53
3328	52
3329	72
3330	40
3331	49
3332	49
3333	50
3334	51
3335	53
3336	67
3337	69
3338	45
3339	58
3340	44
3341	56
3342	40
3343	69
3344	58
3345	58
3346	54
3347	61
3348	55
3349	46
3350	59
3351	65
3352	44
3353	76
3354	46
3355	55
3356	45
3357	61
3358	33
3359	55
3360	58
3361	60
3362	40
3363	53
3364	47
3365	61
3366	42
3367	48
3368	58
3369	50
3370	39
3371	64
3372	45
3373	71
3374	50
3375	41
3376	69
3377	55
3378	49
3379	73
3380	46
3381	56
3382	44
3383	56
3384	59
3385	87
3386	35
3387	58
3388	34
3389	57
3390	48
3391	58
3392	52
3393	54
3394	44
3395	52
3396	52
3397	66
3398	46
3399	53
3400	54
3401	69
3402	43
3403	57
3404	60
3405	64
3406	44
3407	44
3408	49
3409	50
3410	43
3411	59
3412	48
3413	41
3414	38
3415	59
3416	48
3417	79
3418	38
3419	59
3420	52
3421	59
3422	44
3423	56
3424	46
3425	66
3426	23
3427	60
3428	41
3429	55
3430	39
3431	64
3432	52
3433	53
3434	52
3435	57
3436	59
3437	54
3438	36
3439	58
3440	38
3441	66
3442	34
3443	71
3444	60
3445	49
3446	55
3447	56
3448	48
3449	55
3450	33
3451	58
3452	36
3453	58
3454	43
3455	49
3456	43
3457	69
3458	42
3459	61
3460	61
3461	49
3462	41
3463	57
3464	51
3465	88
3466	46
3467	56
3468	50
3469	55
3470	47
3471	59
3472	52
3473	77
3474	47
3475	53
3476	51
3477	48
3478	39
3479	55
3480	59
3481	61
3482	33
3483	60
3484	55
3485	65
3486	36
3487	50
3488	50
3489	62
3490	48
3491	54
3492	44
3493	45
3494	41
3495	52
3496	66
3497	56
3498	39
3499	66
3500	51
3501	50
3502	42
3503	43
3504	63
3505	51
3506	31
3507	61
3508	49
3509	48
3510	39
3511	61
3512	66
3513	66
3514	34
3515	57
3516	44
3517	53
3518	43
3519	58
3520	66
3521	71
3522	42
3523	57
3524	54
3525	42
3526	43
3527	69
3528	61
3529	72
3530	39
3531	56
3532	57
3533	61
3534	48
3535	53
3536	45
3537	71
3538	41
3539	66
3540	64
3541	48
3542	53
3543	48
3544	56
3545	60
3546	35
3547	59
3548	57
3549	56
3550	43
3551	50
3552	49
3553	57
3554	42
3555	48
3556	40
3557	54
3558	42
3559	49
3560	47
3561	69
3562	35
3563	57
3564	49
3565	62
3566	41
3567	51
3568	49
3569	65
3570	35
3571	53
3572	43
3573	63
3574	50
3575	50
3576	75
3577	56
3578	33
3579	40
3580	49
3581	72
3582	42
3583	55
3584	54
3585	48
3586	35
3587	57
3588	42
3589	50
3590	37
3591	43
3592	68
3593	48
3594	32
3595	51
3596	38
3597	37
3598	41
3599	37
3600	51
3601	67
3602	45
3603	47
3604	48
3605	52
3606	45
3607	53
3608	41
3609	57
3610	35
3611	47
3612	41
3613	56
3614	47
3615	51
3616	50
3617	46
3618	44
3619	43
3620	36
3621	47
3622	37
3623	51
3624	53
3625	51
3626	38
3627	44
3628	40
3629	55
3630	45
3631	37
3632	48
3633	58
3634	40
3635	57
3636	43
3637	51
3638	38
3639	36
3640	45
3641	47
3642	47
3643	43
3644	39
3645	53
3646	44
3647	37
3648	39
3649	59
3650	43
3651	40
3652	39
3653	53
3654	34
3655	53
3656	48
3657	65
3658	40
3659	48
3660	41
3661	64
3662	46
3663	38
3664	35
3665	52
3666	40
3667	49
3668	40
3669	40
3670	38
3671	55
3672	42
3673	61
3674	41
3675	39
3676	50
3677	53
3678	46
3679	44
3680	50
3681	47
3682	21
3683	44
3684	40
3685	45
3686	27
3687	32
3688	46
3689	51
3690	28
3691	51
3692	37
3693	46
3694	34
3695	43
3696	54
3697	55
3698	40
3699	61
3700	43
3701	44
3702	30
3703	47
3704	48
3705	44
3706	25
3707	45
3708	38
3709	51
3710	44
3711	43
3712	33
3713	50
3714	36
3715	56
3716	31
3717	52
3718	38
3719	48
3720	50
3721	55
3722	35
3723	45
3724	43
3725	56
3726	36
3727	42
3728	38
3729	46
3730	29
3731	46
3732	58
3733	46
3734	38
3735	63
3736	45
3737	59
3738	45
3739	41
3740	36
3741	44
3742	47
3743	48
3744	40
3745	49
3746	39
3747	36
3748	43
3749	46
3750	40
3751	39
3752	37
3753	52
3754	33
3755	43
3756	44
3757	48
3758	36
3759	39
3760	49
3761	49
3762	36
3763	53
3764	51
3765	47
3766	43
3767	35
3768	54
3769	64
3770	45
3771	42
3772	40
3773	46
3774	33
3775	34
3776	33
3777	52
3778	44
3779	54
3780	46
3781	59
3782	44
3783	59
3784	48
3785	66
3786	46
3787	43
3788	50
3789	52
3790	46
3791	36
3792	46
3793	42
3794	32
3795	58
3796	32
3797	46
3798	27
3799	42
3800	41
3801	59
3802	30
3803	37
3804	33
3805	65
3806	43
3807	43
3808	44
3809	57
3810	25
3811	45
3812	33
3813	60
3814	37
3815	43
3816	52
3817	60
3818	39
3819	40
3820	41
3821	51
3822	37
3823	47
3824	45
3825	59
3826	32
3827	56
3828	40
3829	42
3830	41
3831	49
3832	46
3833	54
3834	42
3835	47
3836	49
3837	48
3838	36
3839	40
3840	36
3841	66
3842	35
3843	43
3844	40
3845	39
3846	34
3847	40
3848	40
3849	43
3850	27
3851	35
3852	35
3853	49
3854	47
3855	43
3856	30
3857	44
3858	32
3859	48
3860	34
3861	37
3862	34
3863	24
3864	42
3865	49
3866	42
3867	41
3868	35
3869	42
3870	43
3871	50
3872	32
3873	43
3874	26
3875	43
3876	26
3877	41
3878	36
3879	46
3880	43
3881	40
3882	26
3883	35
3884	46
3885	39
3886	36
3887	27
3888	35
3889	45
3890	37
3891	38
3892	42
3893	52
3894	25
3895	34
3896	46
3897	49
3898	47
3899	42
3900	30
3901	43
3902	30
3903	37
3904	33
3905	54
3906	31
3907	36
3908	31
3909	44
3910	36
3911	34
3912	42
3913	48
3914	33
3915	43
3916	35
3917	47
3918	40
3919	27
3920	40
3921	36
3922	42
3923	44
3924	40
3925	38
3926	29
3927	42
3928	37
3929	49
3930	23
3931	34
3932	41
3933	46
3934	35
3935	26
3936	34
3937	50
3938	33
3939	44
3940	30
3941	43
3942	39
3943	43
3944	43
3945	49
3946	43
3947	36
3948	29
3949	35
3950	35
3951	29
3952	34
3953	47
3954	35
3955	46
3956	34
3957	41
3958	25
3959	30
3960	36
3961	47
3962	37
3963	35
3964	25
3965	35
3966	44
3967	36
3968	33
3969	32
3970	39
3971	45
3972	37
3973	45
3974	38
3975	47
3976	47
3977	40
3978	34
3979	45
3980	37
3981	38
3982	37
3983	28
3984	30
3985	31
3986	34
3987	31
3988	41
3989	30
3990	36
3991	44
3992	41
3993	44
3994	34
3995	37
3996	27
3997	43
3998	39
3999	33
4000	41
4001	40
4002	30
4003	32
4004	34
4005	37
4006	34
4007	50
4008	59
4009	51
4010	27
4011	36
4012	28
4013	46
4014	35
4015	32
4016	34
4017	36
4018	27
4019	44
4020	39
4021	36
4022	35
4023	32
4024	36
4025	52
4026	42
4027	30
4028	41
4029	27
4030	20
4031	36
4032	30
4033	31
4034	33
4035	32
4036	37
4037	22
4038	35
4039	39
4040	38
4041	43
4042	28
4043	41
4044	25
4045	36
4046	34
4047	24
4048	32
4049	49
4050	32
4051	41
4052	33
4053	34
4054	30
4055	44
4056	41
4057	53
4058	46
4059	33
4060	28
4061	42
4062	34
4063	26
4064	31
4065	46
4066	31
4067	40
4068	26
4069	25
4070	29
4071	30
4072	27
4073	45
4074	24
4075	56
4076	30
4077	47
4078	31
4079	39
4080	32
4081	35
4082	27
4083	36
4084	30
4085	32
4086	49
4087	42
4088	40
4089	37
4090	38
4091	44
4092	30
4093	46
4094	28
4095	40
4096	41
4097	60
4098	32
4099	53
4100	46
4101	70
4102	58
4103	51
4104	69
4105	72
4106	53
4107	48
4108	43
4109	79
4110	52
4111	69
4112	41
4113	57
4114	57
4115	66
4116	53
4117	57
4118	47
4119	63
4120	68
4121	82
4122	51
4123	52
4124	36
4125	71
4126	57
4127	46
4128	43
4129	61
4130	40
4131	62
4132	45
4133	53
4134	48
4135	57
4136	45
4137	83
4138	43
4139	65
4140	48
4141	63
4142	61
4143	71
4144	37
4145	77
4146	34
4147	69
4148	44
4149	72
4150	53
4151	70
4152	61
4153	74
4154	45
4155	62
4156	54
4157	77
4158	41
4159	69
4160	43
4161	69
4162	53
4163	69
4164	46
4165	58
4166	55
4167	51
4168	43
4169	62
4170	51
4171	64
4172	29
4173	83
4174	56
4175	76
4176	45
4177	60
4178	44
4179	53
4180	60
4181	66
4182	52
4183	64
4184	61
4185	82
4186	63
4187	65
4188	49
4189	96
4190	64
4191	63
4192	42
4193	80
4194	46
4195	60
4196	41
4197	61
4198	62
4199	68
4200	55
4201	73
4202	47
4203	55
4204	47
4205	73
4206	63
4207	68
4208	33
4209	77
4210	53
4211	61
4212	51
4213	59
4214	59
4215	54
4216	58
4217	65
4218	40
4219	43
4220	43
4221	69
4222	61
4223	70
4224	39
4225	69
4226	43
4227	64
4228	59
4229	57
4230	59
4231	75
4232	64
4233	76
4234	56
4235	48
4236	53
4237	67
4238	53
4239	64
4240	62
4241	76
4242	53
4243	59
4244	55
4245	69
4246	61
4247	49
4248	52
4249	79
4250	52
4251	53
4252	37
4253	93
4254	55
4255	67
4256	46
4257	74
4258	40
4259	54
4260	44
4261	45
4262	57
4263	55
4264	64
4265	72
4266	51
4267	53
4268	44
4269	68
4270	66
4271	75
4272	36
4273	80
4274	52
4275	71
4276	62
4277	74
4278	62
4279	63
4280	57
4281	68
4282	41
4283	68
4284	51
4285	66
4286	80
4287	59
4288	51
4289	67
4290	49
4291	59
4292	43
4293	67
4294	55
4295	62
4296	53
4297	69
4298	62
4299	63
4300	41
4301	71
4302	50
4303	64
4304	56
4305	77
4306	44
4307	74
4308	63
4309	64
4310	60
4311	59
4312	57
4313	90
4314	47
4315	58
4316	51
4317	64
4318	68
4319	61
4320	45
4321	71
4322	46
4323	50
4324	42
4325	75
4326	47
4327	84
4328	41
4329	67
4330	56
4331	67
4332	46
4333	76
4334	65
4335	78
4336	53
4337	82
4338	46
4339	65
4340	50
4341	68
4342	64
4343	61
4344	57
4345	61
4346	51
4347	50
4348	50
4349	89
4350	66
4351	58
4352	49
4353	73
4354	48
4355	59
4356	45
4357	61
4358	53
4359	55
4360	64
4361	68
4362	51
4363	57
4364	56
4365	70
4366	54
4367	58
4368	56
4369	86
4370	52
4371	57
4372	59
4373	56
4374	62
4375	64
4376	54
4377	77
4378	54
4379	62
4380	51
4381	80
4382	45
4383	58
4384	68
4385	86
4386	39
4387	52
4388	37
4389	54
4390	56
4391	80
4392	50
4393	72
4394	45
4395	61
4396	44
4397	71
4398	61
4399	57
4400	50
4401	68
4402	51
4403	45
4404	64
4405	70
4406	53
4407	87
4408	71
4409	66
4410	45
4411	63
4412	43
4413	71
4414	69
4415	78
4416	51
4417	89
4418	48
4419	67
4420	43
4421	68
4422	48
4423	77
4424	50
4425	71
4426	62
4427	63
4428	61
4429	80
4430	66
4431	56
4432	49
4433	76
4434	59
4435	62
4436	57
4437	53
4438	58
4439	61
4440	61
4441	76
4442	55
4443	62
4444	53
4445	91
4446	56
4447	65
4448	51
4449	69
4450	51
4451	71
4452	56
4453	69
4454	56
4455	68
4456	51
4457	67
4458	54
4459	63
4460	44
4461	69
4462	75
4463	63
4464	60
4465	73
4466	52
4467	72
4468	67
4469	69
4470	47
4471	59
4472	51
4473	94
4474	52
4475	46
4476	49
4477	83
4478	57
4479	66
4480	41
4481	76
4482	48
4483	56
4484	62
4485	70
4486	64
4487	57
4488	57
4489	88
4490	55
4491	54
4492	38
4493	73
4494	65
4495	69
4496	42
4497	75
4498	49
4499	70
4500	45
4501	55
4502	59
4503	63
4504	67
4505	90
4506	43
4507	56
4508	47
4509	70
4510	62
4511	56
4512	50
4513	81
4514	51
4515	60
4516	41
4517	77
4518	54
4519	61
4520	51
4521	78
4522	65
4523	62
4524	52
4525	77
4526	73
4527	67
4528	42
4529	85
4530	63
4531	57
4532	53
4533	61
4534	64
4535	66
4536	61
4537	79
4538	55
4539	67
4540	58
4541	71
4542	69
4543	70
4544	62
4545	86
4546	48
4547	73
4548	59
4549	64
4550	62
4551	72
4552	51
4553	78
4554	55
4555	78
4556	54
4557	73
4558	61
4559	62
4560	48
4561	95
4562	52
4563	63
4564	66
4565	64
4566	84
4567	67
4568	51
4569	97
4570	53
4571	70
4572	55
4573	93
4574	54
4575	78
4576	49
4577	84
4578	45
4579	77
4580	45
4581	74
4582	73
4583	60
4584	46
4585	87
4586	64
4587	64
4588	49
4589	73
4590	75
4591	71
4592	51
4593	90
4594	52
4595	66
4596	50
4597	78
4598	68
4599	62
4600	49
4601	84
4602	58
4603	51
4604	60
4605	71
4606	71
4607	73
4608	48
4609	77
4610	54
4611	54
4612	40
4613	66
4614	55
4615	52
4616	41
4617	72
4618	52
4619	45
4620	43
4621	72
4622	45
4623	68
4624	37
4625	72
4626	46
4627	57
4628	46
4629	58
4630	50
4631	75
4632	40
4633	79
4634	53
4635	59
4636	44
4637	71
4638	58
4639	66
4640	43
4641	65
4642	49
4643	64
4644	35
4645	60
4646	47
4647	48
4648	45
4649	77
4650	51
4651	57
4652	48
4653	61
4654	65
4655	59
4656	45
4657	64
4658	44
4659	51
4660	46
4661	59
4662	57
4663	66
4664	51
4665	63
4666	43
4667	47
4668	45
4669	64
4670	61
4671	72
4672	45
4673	62
4674	42
4675	69
4676	46
4677	60
4678	46
4679	57
4680	57
4681	70
4682	39
4683	59
4684	50
4685	71
4686	49
4687	58
4688	41
4689	70
4690	36
4691	58
4692	46
4693	62
4694	51
4695	66
4696	55
4697	81
4698	51
4699	59
4700	39
4701	64
4702	59
4703	83
4704	46
4705	67
4706	37
4707	64
4708	54
4709	62
4710	59
4711	56
4712	44
4713	90
4714	49
4715	53
4716	34
4717	68
4718	39
4719	57
4720	42
4721	75
4722	52
4723	61
4724	56
4725	51
4726	59
4727	58
4728	42
4729	65
4730	59
4731	47
4732	34
4733	73
4734	52
4735	62
4736	48
4737	61
4738	55
4739	60
4740	27
4741	80
4742	49
4743	69
4744	59
4745	85
4746	55
4747	63
4748	60
4749	72
4750	63
4751	68
4752	53
4753	81
4754	52
4755	43
4756	37
4757	72
4758	45
4759	51
4760	55
4761	76
4762	47
4763	60
4764	40
4765	75
4766	62
4767	56
4768	43
4769	74
4770	50
4771	64
4772	57
4773	51
4774	57
4775	58
4776	51
4777	59
4778	45
4779	52
4780	56
4781	63
4782	58
4783	74
4784	48
4785	61
4786	46
4787	66
4788	43
4789	80
4790	46
4791	62
4792	52
4793	67
4794	53
4795	52
4796	35
4797	60
4798	44
4799	65
4800	47
4801	79
4802	51
4803	62
4804	51
4805	60
4806	57
4807	59
4808	59
4809	75
4810	38
4811	58
4812	53
4813	65
4814	62
4815	59
4816	52
4817	62
4818	33
4819	72
4820	49
4821	57
4822	53
4823	61
4824	48
4825	77
4826	58
4827	48
4828	41
4829	71
4830	62
4831	53
4832	52
4833	70
4834	46
4835	53
4836	46
4837	57
4838	45
4839	59
4840	45
4841	72
4842	44
4843	64
4844	46
4845	79
4846	65
4847	55
4848	36
4849	70
4850	48
4851	56
4852	55
4853	53
4854	48
4855	60
4856	58
4857	71
4858	29
4859	55
4860	42
4861	60
4862	48
4863	72
4864	45
4865	69
4866	40
4867	42
4868	45
4869	67
4870	47
4871	65
4872	64
4873	80
4874	44
4875	69
4876	43
4877	69
4878	62
4879	56
4880	30
4881	74
4882	48
4883	75
4884	41
4885	50
4886	57
4887	55
4888	65
4889	79
4890	48
4891	49
4892	55
4893	74
4894	61
4895	70
4896	47
4897	78
4898	39
4899	59
4900	45
4901	64
4902	62
4903	50
4904	60
4905	79
4906	43
4907	47
4908	48
4909	71
4910	66
4911	60
4912	49
4913	67
4914	47
4915	60
4916	56
4917	44
4918	61
4919	53
4920	65
4921	71
4922	54
4923	58
4924	45
4925	59
4926	53
4927	62
4928	47
4929	62
4930	48
4931	61
4932	47
4933	59
4934	58
4935	71
4936	62
4937	71
4938	49
4939	59
4940	60
4941	90
4942	43
4943	56
4944	41
4945	62
4946	51
4947	63
4948	48
4949	65
4950	47
4951	55
4952	47
4953	76
4954	41
4955	55
4956	44
4957	72
4958	53
4959	65
4960	46
4961	77
4962	33
4963	54
4964	43
4965	41
4966	67
4967	48
4968	52
4969	69
4970	49
4971	58
4972	38
4973	69
4974	76
4975	52
4976	40
4977	51
4978	40
4979	62
4980	48
4981	62
4982	48
4983	80
4984	40
4985	67
4986	43
4987	63
4988	46
4989	60
4990	66
4991	72
4992	45
4993	73
4994	53
4995	75
4996	43
4997	52
4998	56
4999	69
5000	63
5001	79
5002	47
5003	49
5004	47
5005	70
5006	58
5007	62
5008	45
5009	72
5010	49
5011	57
5012	46
5013	48
5014	57
5015	72
5016	45
5017	73
5018	47
5019	48
5020	49
5021	81
5022	57
5023	61
5024	51
5025	72
5026	51
5027	69
5028	48
5029	51
5030	61
5031	53
5032	45
5033	68
5034	34
5035	40
5036	39
5037	79
5038	58
5039	65
5040	62
5041	85
5042	54
5043	58
5044	65
5045	55
5046	53
5047	52
5048	49
5049	74
5050	52
5051	55
5052	34
5053	49
5054	49
5055	56
5056	42
5057	70
5058	45
5059	45
5060	50
5061	50
5062	48
5063	67
5064	51
5065	71
5066	49
5067	48
5068	39
5069	74
5070	57
5071	54
5072	39
5073	55
5074	37
5075	50
5076	48
5077	55
5078	61
5079	65
5080	56
5081	69
5082	38
5083	56
5084	57
5085	80
5086	53
5087	52
5088	44
5089	77
5090	36
5091	40
5092	61
5093	61
5094	57
5095	45
5096	52
5097	61
5098	48
5099	49
5100	46
5101	72
5102	67
5103	54
5104	51
5105	85
5106	49
5107	63
5108	51
5109	46
5110	54
5111	60
5112	37
5113	91
5114	45
5115	54
5116	53
5117	55
5118	53
5119	54
5120	34
5121	66
5122	36
5123	43
5124	46
5125	61
5126	52
5127	60
5128	38
5129	80
5130	44
5131	44
5132	55
5133	76
5134	57
5135	55
5136	48
5137	60
5138	55
5139	53
5140	41
5141	69
5142	52
5143	54
5144	55
5145	57
5146	41
5147	37
5148	42
5149	72
5150	76
5151	55
5152	35
5153	61
5154	44
5155	45
5156	47
5157	64
5158	43
5159	54
5160	45
5161	59
5162	51
5163	61
5164	42
5165	72
5166	44
5167	49
5168	43
5169	60
5170	49
5171	56
5172	48
5173	64
5174	60
5175	58
5176	45
5177	63
5178	49
5179	41
5180	36
5181	59
5182	49
5183	63
5184	43
5185	70
5186	56
5187	61
5188	45
5189	50
5190	58
5191	65
5192	44
5193	72
5194	51
5195	46
5196	40
5197	67
5198	49
5199	60
5200	51
5201	58
5202	47
5203	53
5204	65
5205	60
5206	53
5207	57
5208	44
5209	57
5210	44
5211	58
5212	41
5213	64
5214	57
5215	61
5216	47
5217	74
5218	45
5219	59
5220	42
5221	61
5222	46
5223	59
5224	50
5225	53
5226	33
5227	35
5228	40
5229	58
5230	44
5231	50
5232	33
5233	45
5234	43
5235	51
5236	41
5237	57
5238	64
5239	37
5240	35
5241	68
5242	55
5243	36
5244	44
5245	56
5246	44
5247	50
5248	39
5249	74
5250	42
5251	43
5252	50
5253	61
5254	61
5255	62
5256	61
5257	58
5258	48
5259	48
5260	46
5261	62
5262	59
5263	59
5264	41
5265	70
5266	39
5267	49
5268	40
5269	64
5270	54
5271	57
5272	46
5273	56
5274	50
5275	48
5276	32
5277	67
5278	66
5279	49
5280	53
5281	65
5282	47
5283	57
5284	42
5285	46
5286	55
5287	55
5288	47
5289	57
5290	47
5291	52
5292	40
5293	59
5294	45
5295	56
5296	37
5297	69
5298	46
5299	63
5300	49
5301	43
5302	49
5303	64
5304	36
5305	65
5306	34
5307	36
5308	35
5309	58
5310	69
5311	65
5312	37
5313	49
5314	40
5315	48
5316	38
5317	65
5318	50
5319	48
5320	56
5321	76
5322	46
5323	50
5324	48
5325	68
5326	52
5327	58
5328	31
5329	70
5330	35
5331	55
5332	54
5333	54
5334	59
5335	58
5336	47
5337	52
5338	61
5339	35
5340	41
5341	57
5342	69
5343	55
5344	35
5345	71
5346	58
5347	49
5348	42
5349	48
5350	42
5351	51
5352	52
5353	71
5354	52
5355	40
5356	43
5357	70
5358	47
5359	54
5360	37
5361	86
5362	44
5363	43
5364	45
5365	49
5366	49
5367	60
5368	55
5369	52
5370	41
5371	47
5372	37
5373	68
5374	52
5375	52
5376	34
5377	63
5378	43
5379	40
5380	46
5381	59
5382	45
5383	50
5384	53
5385	77
5386	32
5387	34
5388	42
5389	65
5390	47
5391	62
5392	35
5393	60
5394	45
5395	55
5396	33
5397	47
5398	55
5399	65
5400	24
5401	63
5402	46
5403	51
5404	34
5405	64
5406	56
5407	64
5408	30
5409	55
5410	49
5411	60
5412	43
5413	48
5414	45
5415	51
5416	41
5417	50
5418	36
5419	50
5420	47
5421	58
5422	46
5423	46
5424	38
5425	62
5426	44
5427	59
5428	41
5429	50
5430	61
5431	49
5432	56
5433	57
5434	63
5435	50
5436	49
5437	62
5438	52
5439	55
5440	33
5441	68
5442	42
5443	47
5444	41
5445	65
5446	50
5447	57
5448	52
5449	65
5450	37
5451	48
5452	45
5453	63
5454	63
5455	50
5456	36
5457	59
5458	43
5459	45
5460	48
5461	58
5462	40
5463	62
5464	53
5465	59
5466	61
5467	51
5468	45
5469	66
5470	63
5471	42
5472	48
5473	56
5474	38
5475	64
5476	39
5477	53
5478	49
5479	51
5480	54
5481	63
5482	58
5483	45
5484	35
5485	63
5486	54
5487	47
5488	44
5489	77
5490	49
5491	56
5492	53
5493	51
5494	63
5495	50
5496	51
5497	50
5498	44
5499	49
5500	41
5501	58
5502	57
5503	49
5504	36
5505	56
5506	52
5507	48
5508	54
5509	65
5510	59
5511	51
5512	44
5513	69
5514	53
5515	53
5516	44
5517	74
5518	52
5519	59
5520	40
5521	66
5522	43
5523	56
5524	36
5525	56
5526	57
5527	67
5528	44
5529	79
5530	44
5531	38
5532	48
5533	59
5534	60
5535	59
5536	50
5537	77
5538	44
5539	56
5540	45
5541	40
5542	51
5543	52
5544	53
5545	51
5546	42
5547	44
5548	37
5549	71
5550	58
5551	51
5552	43
5553	73
5554	42
5555	48
5556	42
5557	45
5558	47
5559	55
5560	39
5561	70
5562	37
5563	51
5564	45
5565	56
5566	44
5567	55
5568	51
5569	84
5570	44
5571	49
5572	39
5573	62
5574	53
5575	60
5576	46
5577	69
5578	58
5579	52
5580	42
5581	75
5582	59
5583	61
5584	53
5585	73
5586	43
5587	40
5588	40
5589	53
5590	56
5591	52
5592	53
5593	72
5594	39
5595	53
5596	47
5597	72
5598	52
5599	47
5600	42
5601	59
5602	46
5603	53
5604	43
5605	52
5606	41
5607	50
5608	47
5609	60
5610	42
5611	62
5612	44
5613	56
5614	53
5615	52
5616	35
5617	62
5618	46
5619	46
5620	41
5621	47
5622	42
5623	39
5624	62
5625	73
5626	38
5627	38
5628	41
5629	72
5630	48
5631	57
5632	33
5633	44
5634	29
5635	35
5636	24
5637	60
5638	32
5639	33
5640	51
5641	56
5642	35
5643	42
5644	32
5645	45
5646	54
5647	53
5648	45
5649	46
5650	49
5651	32
5652	31
5653	41
5654	47
5655	40
5656	46
5657	52
5658	41
5659	34
5660	35
5661	58
5662	45
5663	39
5664	41
5665	51
5666	44
5667	40
5668	27
5669	37
5670	34
5671	30
5672	41
5673	62
5674	35
5675	30
5676	52
5677	54
5678	44
5679	41
5680	47
5681	44
5682	30
5683	35
5684	37
5685	45
5686	38
5687	38
5688	40
5689	51
5690	40
5691	38
5692	40
5693	55
5694	40
5695	49
5696	29
5697	41
5698	38
5699	46
5700	33
5701	44
5702	28
5703	32
5704	37
5705	50
5706	33
5707	25
5708	29
5709	50
5710	37
5711	35
5712	34
5713	37
5714	35
5715	42
5716	41
5717	37
5718	41
5719	40
5720	31
5721	51
5722	31
5723	38
5724	39
5725	39
5726	41
5727	42
5728	36
5729	42
5730	39
5731	42
5732	30
5733	41
5734	32
5735	43
5736	39
5737	41
5738	39
5739	41
5740	41
5741	53
5742	50
5743	45
5744	38
5745	47
5746	30
5747	38
5748	48
5749	33
5750	39
5751	31
5752	46
5753	45
5754	36
5755	33
5756	28
5757	50
5758	51
5759	37
5760	22
5761	47
5762	26
5763	28
5764	39
5765	41
5766	33
5767	37
5768	40
5769	46
5770	42
5771	25
5772	37
5773	39
5774	43
5775	24
5776	31
5777	49
5778	27
5779	46
5780	32
5781	46
5782	26
5783	33
5784	31
5785	52
5786	34
5787	37
5788	34
5789	42
5790	33
5791	42
5792	33
5793	38
5794	36
5795	44
5796	29
5797	35
5798	38
5799	38
5800	43
5801	46
5802	31
5803	36
5804	35
5805	33
5806	34
5807	41
5808	34
5809	61
5810	38
5811	34
5812	43
5813	45
5814	41
5815	37
5816	41
5817	50
5818	29
5819	36
5820	39
5821	41
5822	35
5823	39
5824	31
5825	52
5826	39
5827	38
5828	32
5829	45
5830	48
5831	39
5832	38
5833	37
5834	42
5835	43
5836	27
5837	50
5838	51
5839	35
5840	32
5841	59
5842	26
5843	37
5844	43
5845	36
5846	36
5847	44
5848	43
5849	42
5850	32
5851	37
5852	29
5853	43
5854	29
5855	41
5856	36
5857	49
5858	24
5859	47
5860	40
5861	46
5862	46
5863	59
5864	51
5865	47
5866	48
5867	40
5868	39
5869	39
5870	51
5871	45
5872	30
5873	34
5874	26
5875	43
5876	38
5877	56
5878	28
5879	37
5880	28
5881	47
5882	31
5883	39
5884	30
5885	39
5886	42
5887	28
5888	33
5889	47
5890	43
5891	29
5892	28
5893	40
5894	45
5895	38
5896	41
5897	43
5898	33
5899	24
5900	29
5901	43
5902	35
5903	38
5904	38
5905	45
5906	33
5907	43
5908	49
5909	46
5910	48
5911	38
5912	33
5913	55
5914	42
5915	33
5916	26
5917	40
5918	38
5919	27
5920	32
5921	43
5922	30
5923	36
5924	34
5925	37
5926	41
5927	34
5928	32
5929	51
5930	31
5931	37
5932	41
5933	51
5934	39
5935	42
5936	31
5937	40
5938	32
5939	35
5940	34
5941	43
5942	40
5943	36
5944	21
5945	36
5946	35
5947	26
5948	23
5949	49
5950	23
5951	44
5952	23
5953	37
5954	31
5955	42
5956	35
5957	39
5958	42
5959	44
5960	37
5961	41
5962	33
5963	43
5964	26
5965	41
5966	34
5967	31
5968	32
5969	46
5970	41
5971	48
5972	37
5973	34
5974	47
5975	40
5976	31
5977	44
5978	33
5979	37
5980	30
5981	27
5982	46
5983	39
5984	31
5985	32
5986	30
5987	36
5988	32
5989	43
5990	44
5991	44
5992	36
5993	39
5994	39
5995	37
5996	31
5997	42
5998	42
5999	33
6000	36
6001	38
6002	34
6003	39
6004	32
6005	36
6006	35
6007	27
6008	31
6009	53
6010	32
6011	26
6012	20
6013	46
6014	38
6015	39
6016	24
6017	32
6018	28
6019	29
6020	17
6021	36
6022	36
6023	33
6024	36
6025	48
6026	25
6027	46
6028	30
6029	34
6030	39
6031	37
6032	32
6033	46
6034	36
6035	28
6036	28
6037	37
6038	32
6039	27
6040	32
6041	53
6042	26
6043	31
6044	24
6045	31
6046	33
6047	22
6048	29
6049	35
6050	38
6051	35
6052	27
6053	34
6054	31
6055	38
6056	41
6057	48
6058	24
6059	38
6060	27
6061	40
6062	38
6063	36
6064	31
6065	45
6066	29
6067	39
6068	32
6069	32
6070	31
6071	28
6072	31
6073	47
6074	41
6075	43
6076	29
6077	35
6078	38
6079	23
6080	36
6081	33
6082	26
6083	35
6084	32
6085	31
6086	31
6087	27
6088	25
6089	37
6090	36
6091	46
6092	31
6093	32
6094	33
6095	34
6096	24
6097	34
6098	28
6099	33
6100	27
6101	35
6102	25
6103	39
6104	38
6105	22
6106	30
6107	38
6108	20
6109	43
6110	40
6111	35
6112	29
6113	37
6114	33
6115	30
6116	23
6117	37
6118	32
6119	28
6120	32
6121	48
6122	32
6123	27
6124	23
6125	33
6126	28
6127	33
6128	35
6129	41
6130	28
6131	31
6132	26
6133	38
6134	31
6135	31
6136	28
6137	43
6138	37
6139	45
6140	32
6141	33
6142	33
6143	28
6144	27
6145	34
6146	50
6147	48
6148	32
6149	41
6150	36
6151	34
6152	37
6153	49
6154	29
6155	34
6156	32
6157	33
6158	37
6159	34
6160	37
6161	50
6162	36
6163	31
6164	31
6165	36
6166	22
6167	32
6168	36
6169	39
6170	30
6171	31
6172	31
6173	28
6174	55
6175	34
6176	29
6177	49
6178	34
6179	35
6180	25
6181	39
6182	33
6183	44
6184	39
6185	42
6186	35
6187	28
6188	33
6189	38
6190	36
6191	41
6192	34
6193	42
6194	24
6195	34
6196	28
6197	39
6198	20
6199	25
6200	37
6201	46
6202	23
6203	39
6204	38
6205	46
6206	33
6207	36
6208	34
6209	60
6210	25
6211	37
6212	41
6213	26
6214	33
6215	34
6216	45
6217	49
6218	24
6219	30
6220	25
6221	37
6222	19
6223	34
6224	53
6225	48
6226	26
6227	35
6228	34
6229	37
6230	26
6231	28
6232	34
6233	40
6234	29
6235	25
6236	31
6237	37
6238	30
6239	25
6240	40
6241	49
6242	32
6243	43
6244	36
6245	39
6246	24
6247	45
6248	31
6249	27
6250	30
6251	44
6252	36
6253	36
6254	35
6255	33
6256	41
6257	50
6258	34
6259	44
6260	35
6261	37
6262	24
6263	36
6264	36
6265	47
6266	35
6267	22
6268	27
6269	50
6270	32
6271	30
6272	45
6273	48
6274	21
6275	37
6276	28
6277	34
6278	39
6279	33
6280	26
6281	36
6282	20
6283	35
6284	42
6285	39
6286	33
6287	35
6288	34
6289	51
6290	27
6291	37
6292	34
6293	38
6294	28
6295	36
6296	39
6297	41
6298	27
6299	28
6300	31
6301	41
6302	26
6303	34
6304	34
6305	32
6306	31
6307	30
6308	31
6309	31
6310	25
6311	42
6312	33
6313	38
6314	24
6315	31
6316	28
6317	39
6318	40
6319	37
6320	37
6321	50
6322	25
6323	33
6324	36
6325	40
6326	36
6327	42
6328	34
6329	44
6330	30
6331	36
6332	37
6333	49
6334	36
6335	31
6336	31
6337	44
6338	35
6339	41
6340	30
6341	31
6342	34
6343	32
6344	43
6345	40
6346	26
6347	38
6348	31
6349	48
6350	25
6351	34
6352	34
6353	40
6354	38
6355	37
6356	29
6357	36
6358	35
6359	32
6360	35
6361	45
6362	27
6363	34
6364	25
6365	36
6366	38
6367	33
6368	33
6369	38
6370	32
6371	39
6372	33
6373	34
6374	29
6375	28
6376	35
6377	43
6378	35
6379	41
6380	34
6381	43
6382	32
6383	27
6384	39
6385	56
6386	35
6387	37
6388	41
6389	32
6390	34
6391	41
6392	39
6393	46
6394	30
6395	41
6396	39
6397	38
6398	30
6399	34
6400	36
6401	38
6402	40
6403	37
6404	31
6405	45
6406	24
6407	35
6408	33
6409	41
6410	32
6411	31
6412	38
6413	38
6414	38
6415	26
6416	34
6417	52
6418	33
6419	41
6420	29
6421	32
6422	15
6423	33
6424	37
6425	28
6426	32
6427	25
6428	32
6429	37
6430	37
6431	27
6432	33
6433	32
6434	30
6435	32
6436	33
6437	35
6438	37
6439	41
6440	29
6441	48
6442	27
6443	36
6444	40
6445	34
6446	32
6447	29
6448	36
6449	51
6450	28
6451	42
6452	37
6453	41
6454	34
6455	30
6456	48
6457	45
6458	20
6459	33
6460	38
6461	37
6462	43
6463	36
6464	30
6465	43
6466	36
6467	40
6468	45
6469	28
6470	33
6471	38
6472	29
6473	49
6474	29
6475	29
6476	38
6477	54
6478	27
6479	33
6480	39
6481	59
6482	38
6483	38
6484	30
6485	37
6486	37
6487	48
6488	27
6489	41
6490	29
6491	38
6492	27
6493	52
6494	41
6495	28
6496	35
6497	39
6498	29
6499	44
6500	25
6501	34
6502	40
6503	34
6504	37
6505	55
6506	33
6507	28
6508	29
6509	38
6510	47
6511	36
6512	30
6513	57
6514	38
6515	42
6516	32
6517	49
6518	32
6519	38
6520	41
6521	46
6522	22
6523	24
6524	34
6525	43
6526	27
6527	52
6528	44
6529	55
6530	32
6531	35
6532	28
6533	49
6534	33
6535	45
6536	51
6537	47
6538	30
6539	43
6540	38
6541	37
6542	29
6543	39
6544	47
6545	52
6546	31
6547	44
6548	53
6549	41
6550	31
6551	32
6552	41
6553	60
6554	29
6555	35
6556	40
6557	41
6558	41
6559	39
6560	54
6561	50
6562	27
6563	46
6564	31
6565	46
6566	30
6567	38
6568	35
6569	43
6570	34
6571	32
6572	26
6573	47
6574	37
6575	35
6576	40
6577	58
6578	39
6579	58
6580	36
6581	49
6582	38
6583	35
6584	43
6585	42
6586	30
6587	51
6588	48
6589	53
6590	26
6591	39
6592	36
6593	52
6594	36
6595	39
6596	34
6597	25
6598	27
6599	33
6600	37
6601	55
6602	34
6603	43
6604	45
6605	44
6606	37
6607	34
6608	41
6609	51
6610	37
6611	38
6612	28
6613	48
6614	30
6615	31
6616	43
6617	48
6618	32
6619	40
6620	45
6621	46
6622	32
6623	31
6624	35
6625	54
6626	33
6627	53
6628	36
6629	49
6630	32
6631	43
6632	46
6633	55
6634	34
6635	32
6636	35
6637	44
6638	38
6639	43
6640	21
6641	61
6642	35
6643	36
6644	32
6645	42
6646	36
6647	38
6648	36
6649	48
6650	32
6651	39
6652	30
6653	42
6654	29
6655	35
6656	31
6657	54
6658	35
6659	41
6660	40
6661	34
6662	36
6663	32
6664	40
6665	53
6666	38
6667	35
6668	37
6669	48
6670	44
6671	49
6672	40
6673	48
6674	48
6675	43
6676	33
6677	44
6678	36
6679	34
6680	44
6681	49
6682	32
6683	27
6684	45
6685	51
6686	41
6687	31
6688	37
6689	49
6690	29
6691	38
6692	23
6693	27
6694	27
6695	49
6696	32
6697	43
6698	23
6699	27
6700	41
6701	45
6702	35
6703	32
6704	39
6705	56
6706	30
6707	61
6708	39
6709	35
6710	32
6711	37
6712	38
6713	33
6714	30
6715	34
6716	42
6717	36
6718	37
6719	41
6720	55
6721	43
6722	34
6723	39
6724	33
6725	37
6726	35
6727	35
6728	52
6729	46
6730	33
6731	34
6732	39
6733	42
6734	32
6735	25
6736	41
6737	50
6738	28
6739	37
6740	39
6741	30
6742	32
6743	40
6744	39
6745	50
6746	33
6747	45
6748	41
6749	40
6750	28
6751	44
6752	41
6753	35
6754	29
6755	35
6756	43
6757	42
6758	34
6759	37
6760	42
6761	45
6762	33
6763	45
6764	37
6765	37
6766	34
6767	33
6768	39
6769	50
6770	38
6771	49
6772	37
6773	44
6774	32
6775	30
6776	40
6777	33
6778	22
6779	38
6780	47
6781	44
6782	49
6783	32
6784	35
6785	51
6786	27
6787	50
6788	51
6789	40
6790	25
6791	25
6792	40
6793	50
6794	42
6795	31
6796	29
6797	52
6798	31
6799	34
6800	43
6801	51
6802	32
6803	47
6804	37
6805	38
6806	30
6807	52
6808	40
6809	40
6810	40
6811	37
6812	34
6813	34
6814	36
6815	38
6816	36
6817	31
6818	39
6819	37
6820	33
6821	34
6822	27
6823	39
6824	40
6825	48
6826	40
6827	45
6828	31
6829	47
6830	40
6831	30
6832	40
6833	45
6834	24
6835	47
6836	34
6837	46
6838	23
6839	41
6840	30
6841	44
6842	32
6843	35
6844	45
6845	42
6846	31
6847	34
6848	40
6849	48
6850	38
6851	45
6852	31
6853	41
6854	36
6855	42
6856	48
6857	54
6858	30
6859	25
6860	35
6861	42
6862	43
6863	31
6864	32
6865	50
6866	41
6867	37
6868	45
6869	47
6870	38
6871	34
6872	38
6873	52
6874	37
6875	25
6876	44
6877	39
6878	40
6879	37
6880	37
6881	39
6882	28
6883	37
6884	37
6885	27
6886	50
6887	36
6888	42
6889	39
6890	35
6891	35
6892	37
6893	52
6894	39
6895	37
6896	37
6897	55
6898	29
6899	47
6900	36
6901	41
6902	35
6903	33
6904	29
6905	41
6906	30
6907	42
6908	39
6909	43
6910	41
6911	34
6912	30
6913	36
6914	28
6915	41
6916	36
6917	38
6918	31
6919	39
6920	43
6921	46
6922	34
6923	42
6924	41
6925	53
6926	35
6927	41
6928	33
6929	46
6930	34
6931	51
6932	50
6933	42
6934	33
6935	35
6936	36
6937	40
6938	19
6939	30
6940	43
6941	40
6942	44
6943	37
6944	36
6945	36
6946	44
6947	30
6948	26
6949	31
6950	23
6951	33
6952	35
6953	37
6954	25
6955	43
6956	47
6957	40
6958	28
6959	27
6960	34
6961	47
6962	34
6963	42
6964	48
6965	39
6966	27
6967	41
6968	55
6969	51
6970	36
6971	22
6972	38
6973	48
6974	31
6975	45
6976	44
6977	51
6978	35
6979	55
6980	34
6981	44
6982	26
6983	33
6984	44
6985	47
6986	29
6987	37
6988	26
6989	41
6990	32
6991	25
6992	36
6993	31
6994	33
6995	41
6996	30
6997	33
6998	27
6999	37
7000	32
7001	40
7002	34
7003	29
7004	38
7005	26
7006	37
7007	28
7008	50
7009	43
7010	28
7011	47
7012	31
7013	40
7014	28
7015	28
7016	36
7017	46
7018	25
7019	28
7020	28
7021	50
7022	40
7023	27
7024	33
7025	51
7026	27
7027	37
7028	29
7029	38
7030	40
7031	43
7032	39
7033	39
7034	28
7035	35
7036	30
7037	34
7038	37
7039	31
7040	41
7041	49
7042	37
7043	38
7044	34
7045	42
7046	28
7047	38
7048	41
7049	42
7050	29
7051	35
7052	42
7053	48
7054	32
7055	36
7056	51
7057	36
7058	40
7059	46
7060	38
7061	35
7062	40
7063	28
7064	48
7065	32
7066	31
7067	31
7068	47
7069	43
7070	36
7071	37
7072	38
7073	48
7074	40
7075	39
7076	37
7077	29
7078	27
7079	52
7080	46
7081	44
7082	27
7083	28
7084	37
7085	45
7086	33
7087	22
7088	46
7089	50
7090	42
7091	48
7092	36
7093	47
7094	30
7095	30
7096	38
7097	47
7098	23
7099	32
7100	48
7101	40
7102	43
7103	37
7104	51
7105	47
7106	31
7107	47
7108	37
7109	34
7110	27
7111	35
7112	33
7113	44
7114	41
7115	38
7116	37
7117	38
7118	37
7119	31
7120	37
7121	51
7122	32
7123	35
7124	20
7125	39
7126	27
7127	33
7128	30
7129	41
7130	32
7131	31
7132	42
7133	42
7134	40
7135	31
7136	38
7137	42
7138	32
7139	39
7140	22
7141	33
7142	32
7143	41
7144	41
7145	35
7146	33
7147	44
7148	34
7149	37
7150	35
7151	40
7152	41
7153	49
7154	32
7155	31
7156	31
7157	35
7158	27
7159	30
7160	36
7161	43
7162	33
7163	30
7164	38
7165	35
7166	36
7167	34
7168	32
7169	28
7170	29
7171	37
7172	40
7173	40
7174	30
7175	30
7176	41
7177	35
7178	25
7179	23
7180	36
7181	43
7182	32
7183	24
7184	31
7185	42
7186	37
7187	38
7188	23
7189	23
7190	27
7191	31
7192	33
7193	37
7194	33
7195	33
7196	27
7197	50
7198	34
7199	32
7200	23
7201	32
7202	35
7203	45
7204	29
7205	32
7206	26
7207	36
7208	32
7209	25
7210	22
7211	35
7212	35
7213	37
7214	34
7215	35
7216	40
7217	36
7218	27
7219	35
7220	31
7221	35
7222	28
7223	25
7224	28
7225	35
7226	34
7227	22
7228	34
7229	33
7230	28
7231	23
7232	33
7233	44
7234	37
7235	42
7236	29
7237	36
7238	26
7239	38
7240	38
7241	38
7242	31
7243	21
7244	24
7245	34
7246	35
7247	29
7248	37
7249	44
7250	38
7251	29
7252	31
7253	28
7254	28
7255	36
7256	33
7257	35
7258	28
7259	31
7260	43
7261	40
7262	28
7263	25
7264	41
7265	31
7266	25
7267	33
7268	28
7269	34
7270	30
7271	29
7272	45
7273	33
7274	38
7275	34
7276	29
7277	40
7278	35
7279	26
7280	29
7281	41
7282	35
7283	43
7284	40
7285	34
7286	27
7287	27
7288	31
7289	29
7290	38
7291	33
7292	30
7293	31
7294	36
7295	23
7296	28
7297	45
7298	28
7299	33
7300	31
7301	43
7302	22
7303	26
7304	28
7305	26
7306	27
7307	32
7308	31
7309	39
7310	27
7311	25
7312	39
7313	37
7314	26
7315	27
7316	29
7317	30
7318	29
7319	20
7320	34
7321	33
7322	33
7323	27
7324	26
7325	29
7326	30
7327	28
7328	32
7329	28
7330	36
7331	24
7332	28
7333	38
7334	29
7335	30
7336	24
7337	30
7338	18
7339	34
7340	43
7341	36
7342	27
7343	33
7344	39
7345	38
7346	28
7347	47
7348	29
7349	45
7350	26
7351	19
7352	31
7353	34
7354	28
7355	27
7356	25
7357	40
7358	32
7359	19
7360	32
7361	47
7362	33
7363	25
7364	37
7365	37
7366	27
7367	26
7368	37
7369	38
7370	32
7371	18
7372	36
7373	52
7374	34
7375	25
7376	32
7377	22
7378	29
7379	32
7380	27
7381	28
7382	28
7383	25
7384	38
7385	42
7386	26
7387	30
7388	37
7389	30
7390	32
7391	20
7392	21
7393	39
7394	36
7395	29
7396	30
7397	34
7398	33
7399	35
7400	40
7401	61
7402	24
7403	24
7404	39
7405	39
7406	26
7407	32
7408	33
7409	51
7410	33
7411	44
7412	25
7413	33
7414	20
7415	18
7416	42
7417	33
7418	33
7419	29
7420	28
7421	26
7422	31
7423	19
7424	24
7425	39
7426	24
7427	27
7428	32
7429	31
7430	24
7431	25
7432	39
7433	46
7434	30
7435	32
7436	32
7437	29
7438	33
7439	33
7440	22
7441	48
7442	35
7443	39
7444	33
7445	26
7446	24
7447	23
7448	36
7449	30
7450	24
7451	29
7452	34
7453	40
7454	37
7455	27
7456	33
7457	26
7458	29
7459	37
7460	36
7461	28
7462	20
7463	30
7464	28
7465	35
7466	28
7467	26
7468	39
7469	34
7470	41
7471	29
7472	31
7473	32
7474	34
7475	33
7476	28
7477	37
7478	24
7479	34
7480	32
7481	30
7482	37
7483	30
7484	30
7485	36
7486	27
7487	24
7488	39
7489	37
7490	37
7491	31
7492	32
7493	36
7494	34
7495	25
7496	29
7497	36
7498	37
7499	39
7500	28
7501	38
7502	30
7503	27
7504	24
7505	41
7506	34
7507	31
7508	32
7509	31
7510	31
7511	29
7512	42
7513	39
7514	35
7515	30
7516	33
7517	38
7518	37
7519	29
7520	26
7521	37
7522	36
7523	32
7524	31
7525	45
7526	28
7527	26
7528	32
7529	40
7530	39
7531	27
7532	34
7533	39
7534	30
7535	26
7536	43
7537	50
7538	30
7539	34
7540	30
7541	30
7542	23
7543	25
7544	35
7545	34
7546	16
7547	29
7548	34
7549	33
7550	30
7551	29
7552	31
7553	31
7554	18
7555	30
7556	25
7557	32
7558	19
7559	34
7560	32
7561	29
7562	34
7563	26
7564	30
7565	34
7566	33
7567	40
7568	28
7569	46
7570	39
7571	28
7572	24
7573	29
7574	39
7575	31
7576	31
7577	57
7578	32
7579	37
7580	29
7581	32
7582	34
7583	21
7584	31
7585	33
7586	35
7587	32
7588	17
7589	35
7590	23
7591	27
7592	37
7593	33
7594	26
7595	30
7596	32
7597	40
7598	36
7599	31
7600	45
7601	58
7602	25
7603	30
7604	34
7605	42
7606	23
7607	35
7608	41
7609	39
7610	38
7611	30
7612	39
7613	48
7614	30
7615	27
7616	33
7617	46
7618	33
7619	32
7620	33
7621	26
7622	28
7623	33
7624	38
7625	40
7626	30
7627	18
7628	41
7629	40
7630	36
7631	25
7632	46
7633	32
7634	30
7635	32
7636	32
7637	31
7638	43
7639	27
7640	40
7641	47
7642	38
7643	30
7644	50
7645	43
7646	49
7647	41
7648	34
7649	32
7650	35
7651	41
7652	35
7653	39
7654	38
7655	28
7656	47
7657	59
7658	45
7659	36
7660	43
7661	49
7662	38
7663	32
7664	43
7665	51
7666	40
7667	41
7668	42
7669	43
7670	31
7671	38
7672	46
7673	54
7674	40
7675	36
7676	34
7677	40
7678	44
7679	29
7680	36
7681	34
7682	45
7683	34
7684	37
7685	57
7686	44
7687	35
7688	45
7689	38
7690	26
7691	32
7692	37
7693	32
7694	38
7695	30
7696	44
7697	37
7698	50
7699	26
7700	31
7701	32
7702	35
7703	29
7704	41
7705	28
7706	33
7707	26
7708	37
7709	39
7710	46
7711	27
7712	38
7713	43
7714	31
7715	39
7716	33
7717	30
7718	37
7719	29
7720	48
7721	36
7722	35
7723	31
7724	49
7725	39
7726	40
7727	30
7728	36
7729	41
7730	30
7731	46
7732	53
7733	44
7734	44
7735	27
7736	32
7737	46
7738	35
7739	39
7740	42
7741	29
7742	52
7743	34
7744	35
7745	40
7746	32
7747	42
7748	49
7749	40
7750	36
7751	29
7752	43
7753	33
7754	36
7755	40
7756	38
7757	25
7758	47
7759	27
7760	40
7761	37
7762	37
7763	37
7764	39
7765	34
7766	40
7767	26
7768	39
7769	35
7770	45
7771	26
7772	38
7773	38
7774	59
7775	32
7776	38
7777	30
7778	30
7779	41
7780	42
7781	30
7782	31
7783	28
7784	38
7785	40
7786	40
7787	37
7788	41
7789	36
7790	43
7791	27
7792	40
7793	33
7794	46
7795	41
7796	39
7797	34
7798	38
7799	28
7800	26
7801	41
7802	34
7803	17
7804	43
7805	25
7806	47
7807	27
7808	39
7809	32
7810	36
7811	36
7812	46
7813	34
7814	35
7815	27
7816	40
7817	37
7818	33
7819	32
7820	20
7821	40
7822	44
7823	36
7824	32
7825	51
7826	44
7827	33
7828	36
7829	37
7830	39
7831	31
7832	42
7833	28
7834	39
7835	39
7836	43
7837	32
7838	31
7839	29
7840	46
7841	26
7842	40
7843	29
7844	32
7845	35
7846	39
7847	22
7848	29
7849	36
7850	40
7851	20
7852	44
7853	34
7854	43
7855	20
7856	32
7857	33
7858	49
7859	39
7860	30
7861	31
7862	33
7863	34
7864	38
7865	40
7866	36
7867	28
7868	38
7869	33
7870	38
7871	35
7872	47
7873	39
7874	40
7875	31
7876	44
7877	34
7878	26
7879	18
7880	46
7881	35
7882	27
7883	30
7884	33
7885	29
7886	49
7887	22
7888	42
7889	24
7890	25
7891	35
7892	38
7893	28
7894	37
7895	35
7896	32
7897	51
7898	35
7899	29
7900	49
7901	31
7902	37
7903	29
7904	35
7905	33
7906	36
7907	43
7908	36
7909	30
7910	34
7911	21
7912	42
7913	35
7914	29
7915	19
7916	31
7917	44
7918	53
7919	34
7920	30
7921	37
7922	52
7923	40
7924	53
7925	44
7926	45
7927	38
7928	31
7929	32
7930	39
7931	38
7932	30
7933	23
7934	36
7935	33
7936	30
7937	30
7938	46
7939	34
7940	51
7941	35
7942	44
7943	21
7944	28
7945	29
7946	37
7947	29
7948	35
7949	48
7950	43
7951	29
7952	37
7953	37
7954	51
7955	36
7956	38
7957	19
7958	42
7959	40
7960	28
7961	38
7962	37
7963	32
7964	33
7965	36
7966	42
7967	32
7968	32
7969	34
7970	44
7971	42
7972	34
7973	31
7974	37
7975	28
7976	43
7977	33
7978	40
7979	39
7980	45
7981	35
7982	33
7983	28
7984	36
7985	48
7986	39
7987	34
7988	35
7989	23
7990	54
7991	28
7992	31
7993	49
7994	26
7995	33
7996	40
7997	42
7998	38
7999	30
8000	26
8001	34
8002	47
8003	42
8004	35
8005	28
8006	32
8007	29
8008	29
8009	40
8010	38
8011	31
8012	26
8013	31
8014	56
8015	28
8016	38
8017	38
8018	51
8019	30
8020	27
8021	24
8022	45
8023	25
8024	28
8025	36
8026	36
8027	33
8028	28
8029	23
8030	49
8031	35
8032	44
8033	31
8034	33
8035	37
8036	33
8037	34
8038	25
8039	26
8040	40
8041	29
8042	33
8043	23
8044	21
8045	32
8046	38
8047	30
8048	35
8049	29
8050	46
8051	35
8052	45
8053	31
8054	40
8055	23
8056	40
8057	37
8058	42
8059	25
8060	39
8061	30
8062	60
8063	26
8064	31
8065	30
8066	35
8067	32
8068	41
8069	28
8070	30
8071	33
8072	22
8073	44
8074	45
8075	26
8076	32
8077	36
8078	37
8079	14
8080	32
8081	35
8082	33
8083	42
8084	43
8085	35
8086	41
8087	28
8088	36
8089	33
8090	41
8091	42
8092	34
8093	23
8094	43
8095	29
8096	24
8097	29
8098	38
8099	40
8100	36
8101	37
8102	43
8103	23
8104	47
8105	28
8106	44
8107	29
8108	36
8109	28
8110	43
8111	26
8112	29
8113	40
8114	44
8115	36
8116	38
8117	46
8118	33
8119	28
8120	29
8121	37
8122	31
8123	33
8124	32
8125	45
8126	39
8127	21
8128	36
8129	20
8130	31
8131	35
8132	28
8133	34
8134	28
8135	35
8136	25
8137	39
8138	33
8139	27
8140	34
8141	22
8142	46
8143	25
8144	25
8145	43
8146	41
8147	47
8148	23
8149	20
8150	37
8151	27
8152	44
8153	41
8154	34
8155	39
8156	28
8157	40
8158	34
8159	35
8160	34
8161	29
8162	41
8163	40
8164	22
8165	34
8166	36
8167	34
8168	26
8169	40
8170	43
8171	31
8172	36
8173	39
8174	35
8175	30
8176	31
8177	24
8178	41
8179	27
8180	40
8181	30
8182	41
8183	37
8184	23
8185	38
8186	23
8187	24
8188	44
8189	33
8190	38
8191	26
8192	51
8193	70
8194	54
8195	53
8196	56
8197	65
8198	50
8199	33
8200	56
8201	56
8202	40
8203	41
8204	53
8205	63
8206	58
8207	37
8208	45
8209	56
8210	41
8211	46
8212	44
8213	46
8214	71
8215	50
8216	35
8217	57
8218	44
8219	39
8220	48
8221	65
8222	62
8223	39
8224	53
8225	61
8226	49
8227	42
8228	44
8229	34
8230	50
8231	42
8232	41
8233	54
8234	53
8235	40
8236	56
8237	56
8238	74
8239	39
8240	51
8241	58
8242	52
8243	49
8244	59
8245	46
8246	47
8247	32
8248	55
8249	62
8250	41
8251	41
8252	42
8253	67
8254	54
8255	43
8256	46
8257	62
8258	55
8259	57
8260	55
8261	44
8262	42
8263	46
8264	43
8265	58
8266	51
8267	38
8268	42
8269	52
8270	67
8271	46
8272	44
8273	65
8274	50
8275	54
8276	39
8277	43
8278	53
8279	58
8280	38
8281	48
8282	42
8283	50
8284	51
8285	61
8286	58
8287	56
8288	45
8289	71
8290	47
8291	45
8292	45
8293	50
8294	30
8295	49
8296	41
8297	60
8298	43
8299	41
8300	51
8301	57
8302	51
8303	39
8304	49
8305	54
8306	50
8307	41
8308	64
8309	42
8310	45
8311	39
8312	45
8313	50
8314	51
8315	52
8316	41
8317	58
8318	56
8319	53
8320	47
8321	54
8322	52
8323	53
8324	58
8325	41
8326	53
8327	47
8328	55
8329	59
8330	40
8331	44
8332	52
8333	59
8334	71
8335	45
8336	41
8337	66
8338	41
8339	47
8340	43
8341	48
8342	55
8343	39
8344	33
8345	53
8346	51
8347	54
8348	38
8349	54
8350	40
8351	46
8352	44
8353	56
8354	47
8355	43
8356	52
8357	56
8358	46
8359	44
8360	46
8361	48
8362	44
8363	46
8364	34
8365	68
8366	58
8367	47
8368	44
8369	66
8370	53
8371	53
8372	47
8373	52
8374	48
8375	42
8376	53
8377	61
8378	43
8379	31
8380	53
8381	61
8382	49
8383	52
8384	35
8385	57
8386	45
8387	50
8388	40
8389	74
8390	33
8391	43
8392	39
8393	63
8394	49
8395	50
8396	40
8397	56
8398	48
8399	44
8400	43
8401	62
8402	40
8403	36
8404	47
8405	39
8406	45
8407	43
8408	30
8409	46
8410	46
8411	38
8412	45
8413	44
8414	77
8415	51
8416	39
8417	61
8418	34
8419	44
8420	45
8421	50
8422	43
8423	37
8424	47
8425	68
8426	47
8427	46
8428	41
8429	63
8430	65
8431	50
8432	41
8433	62
8434	46
8435	43
8436	47
8437	42
8438	60
8439	40
8440	46
8441	55
8442	50
8443	37
8444	55
8445	51
8446	64
8447	47
8448	37
8449	64
8450	57
8451	49
8452	42
8453	59
8454	64
8455	47
8456	51
8457	55
8458	52
8459	49
8460	35
8461	49
8462	68
8463	51
8464	42
8465	53
8466	32
8467	35
8468	54
8469	59
8470	58
8471	40
8472	64
8473	67
8474	48
8475	38
8476	58
8477	67
8478	58
8479	74
8480	41
8481	64
8482	43
8483	53
8484	39
8485	45
8486	44
8487	44
8488	50
8489	52
8490	50
8491	41
8492	54
8493	62
8494	74
8495	50
8496	59
8497	61
8498	53
8499	49
8500	60
8501	47
8502	56
8503	47
8504	51
8505	52
8506	48
8507	62
8508	46
8509	60
8510	62
8511	46
8512	40
8513	71
8514	41
8515	64
8516	54
8517	40
8518	34
8519	46
8520	56
8521	66
8522	44
8523	42
8524	39
8525	66
8526	46
8527	48
8528	40
8529	63
8530	61
8531	55
8532	38
8533	39
8534	67
8535	47
8536	33
8537	59
8538	52
8539	52
8540	54
8541	48
8542	74
8543	53
8544	39
8545	45
8546	54
8547	43
8548	50
8549	54
8550	80
8551	50
8552	47
8553	57
8554	54
8555	47
8556	61
8557	72
8558	58
8559	58
8560	43
8561	60
8562	56
8563	50
8564	57
8565	53
8566	80
8567	47
8568	44
8569	55
8570	51
8571	50
8572	37
8573	48
8574	65
8575	37
8576	51
8577	53
8578	61
8579	59
8580	52
8581	59
8582	36
8583	46
8584	54
8585	49
8586	43
8587	55
8588	43
8589	62
8590	50
8591	39
8592	48
8593	71
8594	60
8595	47
8596	55
8597	52
8598	52
8599	42
8600	44
8601	53
8602	53
8603	43
8604	54
8605	71
8606	57
8607	53
8608	41
8609	65
8610	41
8611	43
8612	36
8613	48
8614	53
8615	52
8616	57
8617	61
8618	50
8619	38
8620	46
8621	51
8622	51
8623	62
8624	41
8625	62
8626	47
8627	35
8628	52
8629	53
8630	69
8631	41
8632	39
8633	60
8634	32
8635	27
8636	37
8637	61
8638	54
8639	43
8640	38
8641	56
8642	51
8643	40
8644	59
8645	63
8646	45
8647	46
8648	42
8649	65
8650	46
8651	48
8652	59
8653	53
8654	63
8655	53
8656	44
8657	49
8658	43
8659	55
8660	52
8661	46
8662	63
8663	57
8664	46
8665	59
8666	42
8667	54
8668	55
8669	62
8670	66
8671	62
8672	43
8673	65
8674	58
8675	55
8676	46
8677	47
8678	64
8679	41
8680	51
8681	58
8682	52
8683	49
8684	44
8685	81
8686	62
8687	55
8688	31
8689	57
8690	65
8691	56
8692	51
8693	54
8694	44
8695	50
8696	46
8697	47
8698	53
8699	37
8700	47
8701	62
8702	48
8703	55
8704	38
8705	60
8706	50
8707	51
8708	55
8709	60
8710	48
8711	53
8712	51
8713	52
8714	57
8715	55
8716	56
8717	62
8718	69
8719	60
8720	36
8721	63
8722	50
8723	42
8724	43
8725	53
8726	51
8727	46
8728	49
8729	62
8730	53
8731	41
8732	55
8733	62
8734	54
8735	45
8736	34
8737	56
8738	49
8739	69
8740	41
8741	52
8742	49
8743	43
8744	48
8745	57
8746	55
